0 0 0 0 0 0 0 0 0 58 18 423 15 77 22 46 21 65
0 0 0 0 0 0 0 1 0 -5 -2 0 -3 -3 -3 -3 0 -2
0 0 0 0 0 0 0 1 -1 1 -10 0 0 6 5 0 0 0
0 0 0 0 0 1 0 1 -1 -4 0 -1 -1 -1 0 0 0 0
-1 0 0 0 0 1 0 1 -1 0 0 0 0 4 0 0 0 0
-1 0 0 0 1 1 0 1 -1 0 -3 0 -1 0 0 0 0 0
-1 0 0 -1 1 1 0 1 -1 0 2 0 0 0 0 0 0 0
0 0 0 0 0 0 0 0 1 -3 -3 -5 -17 -13 -9 -9 -6 0
-1 0 0 0 0 0 0 0 1 0 -1 4 0 0 -2 2 0 0
-1 0 0 0 0 1 0 0 1 0 0 3 0 0 0 0 0 0
-1 0 -1 0 0 1 0 0 1 0 -3 0 0 0 0 0 0 0
-1 1 -1 0 0 1 0 0 1 0 0 0 0 0 0 3 0 0
-1 1 -1 0 0 1 -1 0 1 0 0 0 0 -3 0 0 0 0
-1 1 -1 0 1 1 -1 0 1 0 0 0 4 0 0 0 0 0
0 0 0 0 1 0 0 0 0 -8 -11 -6 -7 0 -21 -7 -9 -8
0 0 0 0 1 0 0 0 -1 4 0 1 2 0 0 0 1 0
0 0 0 0 1 1 0 0 -1 0 0 0 -3 0 0 0 0 0
0 0 0 -1 1 1 0 0 -1 0 1 -1 0 0 0 0 3 0
0 0 1 -1 1 1 0 0 -1 0 0 0 0 0 0 1 0 0
0 0 1 -1 1 1 -1 0 -1 -1 0 0 0 0 0 0 0 0
1 0 1 -1 1 1 -1 0 -1 0 0 0 0 0 0 0 1 0
0 0 0 1 0 0 0 0 0 -1 -1 -1 0 -3 -4 -1 -3 -1
-1 0 0 1 0 0 0 0 0 0 2 3 0 0 -4 0 0 0
-1 0 1 1 0 0 0 0 0 0 0 0 0 0 0 0 0 -4
-1 0 1 1 0 0 0 0 -1 0 0 0 0 4 0 0 0 0
-1 0 1 1 1 0 0 0 -1 0 0 0 0 0 -1 -3 0 0
-1 0 1 1 1 0 -1 0 -1 0 0 0 0 0 2 0 1 0
0 1 0 0 0 0 0 1 -1 0 0 0 0 10 0 0 0 0
0 1 0 0 -1 0 0 1 -1 -10 0 0 0 0 0 0 0 0
1 1 0 0 -1 0 0 1 -1 0 0 10 0 0 0 0 0 0
1 1 -1 0 -1 0 0 1 -1 0 0 0 0 0 -7 -3 0 0
1 1 -1 0 -1 1 0 1 -1 0 0 0 0 0 0 7 0 0
0 0 1 0 0 0 0 0 0 -59 -65 0 -35 -71 -73 -36 -31 -53
0 -1 1 0 0 0 0 0 0 0 0 0 0 2 1 0 0 62
0 -1 1 0 1 0 0 0 0 0 0 0 0 0 0 -2 0 0
0 -1 1 0 1 0 -1 0 0 0 0 0 0 0 0 0 0 2
0 -1 1 0 1 0 -1 0 1 -2 0 0 0 0 0 0 0 0
-1 -1 1 0 1 0 -1 0 1 0 0 0 0 0 3 0 0 0
0 0 0 0 0 1 0 0 0 -1 -2 -8 -3 -5 0 -2 0 -1
0 0 0 0 -1 1 0 0 0 3 0 0 0 0 0 1 1 0
0 0 0 0 -1 1 1 0 0 0 0 0 -1 0 0 0 0 0
0 0 0 -1 -1 1 1 0 0 0 0 0 0 0 0 0 0 2
0 0 0 -1 -1 1 1 0 1 -1 0 -1 0 0 0 0 -1 0
0 0 -1 -1 -1 1 1 0 1 0 0 0 0 0 0 0 1 0
1 0 0 0 0 0 0 0 0 0 -8 -11 -6 -6 -5 -6 -10 -6
1 0 0 -1 0 0 0 0 0 0 0 2 0 4 0 0 0 0
1 0 1 -1 0 0 0 0 0 0 -2 0 0 0 0 0 0 0
1 -1 1 -1 0 0 0 0 0 0 0 0 0 2 0 0 0 0
1 -1 1 -1 1 0 0 0 0 0 0 0 0 0 -1 -1 -1 -1
1 -1 1 -1 1 0 0 0 -1 0 0 0 0 0 0 2 0 0
0 0 0 0 0 -1 0 0 1 0 0 0 1 6 0 2 0 0
0 0 0 0 1 -1 0 0 1 -5 -2 0 0 0 0 0 -1 0
-1 0 0 0 1 -1 0 0 1 0 0 0 0 0 0 4 1 0
-1 0 0 0 1 -1 1 0 1 0 0 -2 0 0 0 0 -2 0
-1 0 -1 0 1 -1 1 0 1 0 0 0 0 0 0 0 2 0
0 -1 0 0 1 0 0 0 0 6 0 0 2 0 1 1 0 1
1 -1 0 0 1 0 0 0 0 0 0 0 0 0 0 0 0 -8
1 -1 0 0 1 0 0 0 -1 0 0 0 3 0 0 5 0 0
1 -1 0 0 1 0 1 0 -1 0 0 -4 -1 0 0 0 0 0
1 -1 0 -1 1 0 1 0 -1 0 0 2 0 0 0 0 0 0
1 -1 0 0 0 0 0 0 0 0 0 0 -1 2 0 6 1 0
1 -1 0 0 0 0 1 0 0 0 0 0 -4 0 -1 0 -1 0
1 -1 0 -1 0 0 1 0 0 0 0 0 0 4 0 0 0 0
1 -1 0 -1 1 0 1 0 0 0 0 -3 0 0 0 0 0 -1
1 -1 -1 -1 1 0 1 0 0 0 0 0 0 0 0 0 0 3
0 0 0 0 1 0 -1 0 0 1 3 2 1 0 0 0 -1 1
0 0 0 1 1 0 -1 0 0 0 -1 -2 0 0 0 0 0 -1
0 0 0 1 1 -1 -1 0 0 -2 0 0 0 0 0 0 1 1
1 0 0 1 1 -1 -1 0 0 0 0 0 0 0 0 0 0 3
1 0 0 1 1 -1 -1 0 -1 0 0 -2 0 0 0 0 -1 0
1 0 1 1 1 -1 -1 0 -1 0 0 0 0 0 0 0 4 0
0 -1 1 0 0 0 0 0 1 0 0 0 0 0 -62 0 0 0
0 -1 1 0 0 -1 0 0 1 0 0 0 4 59 0 -1 0 0
0 -1 1 1 0 -1 0 0 1 -1 0 0 0 0 0 0 -3 0
0 -1 1 1 0 -1 0 -1 1 0 0 0 0 4 0 0 0 0
0 -1 1 1 1 -1 0 -1 1 -2 0 0 0 0 0 -2 0 0
0 -1 1 1 1 -1 -1 -1 1 2 0 0 0 0 0 0 0 0
-1 -1 0 0 1 1 0 1 -1 0 0 2 1 0 0 0 0 0
-1 -1 1 0 1 1 0 1 -1 0 0 0 -1 0 0 -1 0 0
-1 -1 1 0 1 1 -1 1 -1 0 0 0 4 0 0 0 0 0
1 0 0 0 0 0 -1 0 0 0 2 1 0 0 0 0 1 2
1 0 0 0 0 0 -1 0 1 0 0 0 0 -6 0 0 0 0
1 0 0 0 -1 0 -1 0 1 0 0 6 0 0 0 0 0 0
1 0 1 0 -1 0 -1 0 1 0 -2 0 0 0 -4 0 -2 0
1 -1 1 0 -1 0 -1 0 1 0 0 0 0 0 30 0 0 0
0 0 -1 0 0 0 0 0 1 2 0 0 0 0 0 2 1 0
1 0 -1 0 0 0 0 0 1 0 0 0 -1 -5 0 0 -1 0
1 0 -1 0 -1 0 0 0 1 0 0 0 0 0 0 5 0 0
1 0 -1 0 -1 0 1 0 1 0 0 0 -2 0 0 0 -3 0
1 0 -1 0 -1 0 1 -1 1 0 0 0 5 0 0 0 0 0
0 0 0 1 0 -1 0 0 0 2 0 3 0 0 0 -3 0 2
0 0 0 1 0 -1 1 0 0 2 0 0 0 0 0 0 0 0
-1 0 0 1 0 -1 1 0 0 0 -1 2 0 0 0 0 -5 2
-1 0 0 1 0 -1 1 1 0 0 0 0 0 0 0 0 0 5
-1 0 0 1 0 -1 1 1 -1 0 0 -3 0 -2 0 0 0 0
-1 0 1 1 0 -1 1 1 -1 0 0 0 0 3 0 0 0 0
0 1 0 0 0 0 0 0 0 -1 0 -2 -2 -2 -3 0 -4 -4
-1 1 0 0 0 0 0 0 0 0 0 0 3 -1 0 0 -2 1
-1 1 0 1 0 0 0 0 0 0 0 0 0 0 0 0 0 -5
-1 1 0 1 0 0 0 0 -1 0 0 0 0 5 0 0 0 0
-1 1 0 1 1 0 0 0 -1 0 0 0 0 0 -2 0 -3 0
-1 1 0 1 1 0 0 -1 -1 0 0 0 0 0 2 1 0 0
0 0 1 0 0 0 0 0 -1 6 1 0 0 0 0 44 2 0
1 0 1 0 0 0 0 0 -1 0 -7 0 0 0 0 0 0 0
1 -1 1 0 0 0 0 0 -1 0 0 0 0 0 0 7 0 0
1 -1 1 0 0 0 1 0 -1 0 0 0 -6 -1 0 0 0 0
1 -1 1 -1 0 0 1 0 -1 0 0 0 0 8 0 0 0 0
0 1 0 0 -1 0 0 0 0 0 0 0 1 0 0 1 0 0
0 1 0 0 -1 0 1 0 0 0 0 0 0 0 0 0 -1 -1
0 1 0 0 -1 0 1 0 -1 1 0 0 0 0 0 0 0 0
1 1 0 0 -1 0 1 0 -1 0 0 0 -1 0 0 0 0 0
1 1 0 -1 -1 0 1 0 -1 0 0 1 0 0 0 0 0 0
0 0 0 0 0 0 -1 0 1 4 0 0 2 0 3 0 0 0
0 0 0 1 0 0 -1 0 1 -1 0 -4 0 0 0 0 0 0
0 0 -1 1 0 0 -1 0 1 0 0 0 0 4 0 0 0 0
0 0 -1 1 1 0 -1 0 1 0 0 0 0 0 -4 0 0 0
0 0 -1 1 1 -1 -1 0 1 5 0 0 0 0 0 0 0 0
0 0 0 0 1 -1 0 0 0 2 6 2 0 0 0 7 2 2
0 0 0 0 1 -1 1 0 0 -1 0 -1 -1 0 0 0 -1 -3
0 0 -1 0 1 -1 1 0 0 0 0 0 0 0 0 0 0 1
0 0 -1 0 1 -1 1 0 1 0 0 0 0 0 0 0 -1 0
0 0 -1 0 1 -1 1 -1 1 1 0 0 0 0 0 0 0 0
1 0 1 0 0 0 -1 0 0 0 -41 0 0 -2 -1 0 0 -2
1 -1 1 0 0 0 -1 0 0 0 0 0 0 0 0 0 0 41
1 -1 1 0 0 0 -1 0 1 0 0 0 0 -27 -14 0 0 0
1 -1 1 0 0 -1 -1 0 1 0 0 0 0 14 0 0 0 0
0 0 0 0 0 0 1 0 0 -6 -2 -3 -3 -3 -4 0 -7 -18
0 0 -1 0 0 0 1 0 0 7 0 0 -5 0 1 0 -6 6
0 0 -1 0 0 1 1 0 0 0 -1 0 0 0 0 0 -1 0
0 -1 -1 0 0 1 1 0 0 1 0 0 0 0 0 0 0 0
1 -1 -1 0 0 1 1 0 0 0 0 0 -1 0 0 0 0 0
1 -1 -1 -1 0 1 1 0 0 0 0 0 0 0 0 0 0 1
1 -1 -1 -1 0 1 1 0 1 0 0 0 0 0 0 0 -1 0
1 -1 -1 -1 0 1 1 -1 1 0 0 0 0 1 0 0 0 0
1 0 0 0 -1 1 0 0 0 0 -2 0 0 0 0 -2 0 0
1 0 0 0 -1 1 -1 0 0 0 0 2 0 0 0 0 0 0
1 0 1 0 -1 1 -1 0 0 0 -1 0 0 0 0 0 1 -1
1 0 1 0 -1 1 -1 0 -1 0 1 0 0 0 0 0 0 0
0 0 0 0 0 0 0 -1 1 0 0 3 0 3 0 0 0 0
0 0 0 0 1 0 0 -1 1 -4 0 0 0 0 0 0 0 0
-1 0 0 0 1 0 0 -1 1 0 0 4 0 0 0 0 0 0
-1 0 1 0 1 0 0 -1 1 0 0 0 0 0 0 -4 0 0
-1 0 1 0 1 0 -1 -1 1 0 0 0 0 0 5 0 0 0
0 0 0 0 0 1 0 0 -1 1 0 0 -7 3 0 2 2 0
0 0 0 1 0 1 0 0 -1 0 0 0 0 8 0 0 0 0
0 0 0 1 -1 1 0 0 -1 -8 0 0 0 0 0 0 0 0
1 0 0 1 -1 1 0 0 -1 0 0 0 0 0 0 8 0 0
1 0 0 1 -1 1 -1 0 -1 0 0 -3 0 0 0 0 -5 0
1 0 0 1 -1 1 -1 1 -1 0 0 5 0 0 0 0 0 0
0 -1 1 0 0 1 0 0 0 0 0 0 0 0 0 0 0 -1
0 -1 1 0 0 1 0 0 -1 0 0 0 0 1 0 0 0 0
0 -1 1 0 1 1 0 0 -1 0 0 0 -1 0 0 0 0 0
0 -1 1 -1 1 1 0 0 -1 0 0 0 0 0 0 2 0 0
0 1 0 0 1 -1 0 0 0 -3 0 0 -1 0 0 0 -3 0
0 1 0 0 1 -1 0 -1 0 2 0 1 0 0 0 0 0 0
1 1 0 0 1 -1 0 -1 0 0 0 -1 0 0 0 0 0 -1
1 1 0 0 1 -1 0 -1 -1 0 0 1 0 0 0 0 0 0
-1 0 1 0 0 0 0 0 0 0 0 0 1 0 2 53 0 3
-1 0 1 0 0 0 0 0 1 0 0 0 0 0 -7 0 0 0
-1 0 1 0 0 -1 0 0 1 0 0 0 0 0 0 7 0 0
-1 0 1 0 0 -1 1 0 1 0 0 0 0 -2 0 0 -5 0
-1 0 1 0 0 -1 1 -1 1 0 0 0 0 6 0 0 0 0
0 0 -1 0 0 0 1 1 0 0 0 0 0 0 0 0 0 7
0 0 -1 0 0 0 1 1 -1 0 0 0 0 0 -7 0 0 0
0 0 -1 0 0 1 1 1 -1 7 0 0 0 0 0 0 0 0
-1 0 -1 0 0 1 1 1 -1 0 -3 0 0 -4 0 0 0 0
-1 0 -1 0 1 1 1 1 -1 0 5 0 0 0 0 0 0 0
1 -1 -1 0 1 0 1 0 -1 0 0 0 5 0 0 0 0 0
0 0 -1 0 0 0 1 0 1 0 -1 0 0 -1 -1 0 -5 0
0 0 -1 0 0 0 1 -1 1 5 0 0 0 0 0 0 0 0
1 0 -1 0 0 0 1 -1 1 0 0 0 -3 -2 0 0 0 0
1 0 -1 -1 0 0 1 -1 1 0 0 0 0 6 0 0 0 0
0 0 1 0 0 -1 0 0 0 2 2 0 0 69 0 0 0 0
1 0 1 0 0 -1 0 0 0 0 -2 0 -1 0 0 0 0 -1
1 -1 1 0 0 -1 0 0 0 0 0 0 0 2 0 1 0 -1
1 -1 1 0 1 -1 0 0 0 0 0 0 0 0 0 -2 0 0
1 -1 1 0 1 -1 -1 0 0 0 0 0 0 0 0 0 0 13
0 0 0 0 0 -1 0 1 1 0 0 0 -1 0 0 0 0 0
0 0 0 0 0 -1 -1 1 1 -1 -1 0 0 2 0 0 0 0
1 0 0 0 0 -1 -1 1 1 0 0 0 0 1 0 0 0 0
1 0 0 0 -1 -1 -1 1 1 0 0 0 -1 0 0 0 0 0
1 0 0 1 -1 -1 -1 1 1 0 0 1 0 0 0 0 0 0
0 0 0 -1 0 0 1 0 0 0 0 0 0 0 0 0 1 2
0 0 0 -1 0 0 1 0 1 -1 0 0 0 -1 -1 0 -2 0
0 0 0 -1 0 0 1 -1 1 0 0 1 0 1 0 0 0 0
0 0 1 -1 0 0 1 -1 1 0 0 0 0 -1 0 0 0 0
0 0 1 -1 -1 0 1 -1 1 0 0 0 0 0 2 0 0 0
0 0 1 0 0 0 -1 0 0 45 1 0 0 0 -13 0 2 1
0 0 1 0 0 1 -1 0 0 0 0 0 0 0 0 0 0 13
0 0 1 0 0 1 -1 0 -1 0 0 0 0 0 0 0 -13 0
0 0 1 0 0 1 -1 1 -1 2 0 0 5 6 0 0 0 0
-1 0 1 0 0 1 -1 1 -1 0 0 0 0 -2 0 0 0 0
-1 0 1 0 1 1 -1 1 -1 0 -3 0 5 0 0 0 0 0
0 0 0 0 0 1 -1 0 1 0 0 -3 0 0 0 0 0 0
0 0 -1 0 0 1 -1 0 1 0 0 0 0 3 0 0 0 0
0 0 -1 0 1 1 -1 0 1 -2 0 0 -1 0 0 0 0 0
-1 0 -1 0 1 1 -1 0 1 0 -1 0 3 0 0 0 0 0
0 0 0 -1 0 1 0 0 0 2 0 0 0 0 0 1 0 0
1 0 0 -1 0 1 0 0 0 0 0 0 0 -2 0 0 0 0
1 0 0 -1 -1 1 0 0 0 0 0 1 0 0 0 0 1 0
1 0 0 -1 -1 1 0 1 0 0 0 0 0 0 0 -1 0 0
1 0 0 -1 -1 1 -1 1 0 0 0 2 0 0 0 0 0 0
1 0 1 -1 -1 1 -1 1 0 0 -2 0 0 0 0 0 0 -1
1 -1 1 -1 -1 1 -1 1 0 0 0 0 0 0 0 0 0 4
1 0 -1 0 0 0 0 0 0 0 0 0 3 1 0 2 0 5
1 0 -1 0 0 0 1 0 0 0 -1 0 -4 0 0 0 -2 -2
1 0 -1 -1 0 0 1 0 0 0 0 0 0 0 0 0 0 4
1 0 -1 -1 0 0 1 0 1 0 0 0 0 -1 0 0 -3 0
0 1 -1 0 0 0 0 0 0 0 0 0 0 2 2 3 -5 0
0 1 -1 0 0 0 0 1 0 0 0 0 0 5 0 0 0 0
0 1 -1 0 -1 0 0 1 0 0 0 0 0 0 0 -5 0 0
0 1 -1 0 -1 0 1 1 0 0 0 0 0 0 0 0 0 5
0 1 -1 0 -1 0 1 1 -1 -1 0 0 0 0 -4 0 0 0
0 1 -1 0 -1 1 1 1 -1 4 0 0 0 0 0 0 0 0
0 0 0 -1 0 0 1 1 0 0 0 0 0 0 -1 0 0 -1
0 0 0 -1 0 0 1 1 -1 0 -1 0 0 2 0 0 0 0
0 1 0 -1 0 0 1 1 -1 0 0 0 0 1 0 0 0 0
0 1 0 -1 -1 0 1 1 -1 0 0 0 0 0 -1 0 0 0
0 1 0 -1 -1 1 1 1 -1 1 0 0 0 0 0 0 0 0
1 0 0 -1 1 0 0 0 0 0 0 0 0 0 0 0 0 -6
1 0 0 -1 1 0 0 0 -1 0 4 2 0 0 0 0 0 0
1 1 0 -1 1 0 0 0 -1 0 0 -2 0 0 0 0 -2 0
1 1 -1 -1 1 0 0 0 -1 0 0 0 0 0 0 0 2 0
0 -1 1 0 1 -1 0 0 1 -28 0 0 0 0 0 -31 0 0
-1 -1 1 0 1 -1 0 0 1 0 0 0 0 0 0 28 0 0
0 -1 1 0 0 -1 1 0 1 0 0 0 0 -1 0 0 2 0
0 -1 1 0 -1 -1 1 0 1 0 0 0 0 0 0 0 1 0
0 -1 1 1 -1 -1 1 0 1 -2 0 0 0 0 0 0 2 0
-1 -1 1 1 -1 -1 1 0 1 0 0 0 0 0 0 0 4 0
0 1 1 0 0 -1 0 0 0 -2 0 0 0 0 0 0 0 0
-1 1 1 0 0 -1 0 0 0 0 0 0 0 2 0 0 0 0
-1 1 1 0 1 -1 0 0 0 0 0 0 0 0 0 0 -2 0
-1 1 1 0 1 -1 0 -1 0 0 0 0 0 0 0 3 0 0
0 0 0 0 0 1 0 -1 1 0 0 0 0 0 0 0 0 0
0 0 -1 0 0 1 0 -1 1 0 0 0 -1 1 0 0 0 0
0 0 -1 0 1 1 0 -1 1 0 0 0 -1 0 0 0 0 0
0 0 -1 -1 1 1 0 -1 1 1 0 0 0 0 0 0 0 0
0 1 0 0 0 0 0 -1 0 0 0 -4 0 0 0 5 0 3
0 1 1 0 0 0 0 -1 0 4 0 0 0 0 0 0 0 0
-1 1 1 0 0 0 0 -1 0 0 0 0 0 -3 -2 1 0 0
-1 1 1 0 1 0 0 -1 0 0 0 0 0 0 0 4 0 0
-1 1 1 0 1 0 -1 -1 0 0 0 0 -2 0 0 0 0 -2
-1 1 1 0 1 0 -1 -1 1 0 0 0 2 0 0 0 0 0
-1 0 0 0 0 0 1 0 0 0 1 3 0 0 0 0 1 1
-1 0 0 0 0 0 1 1 0 0 0 -1 -1 0 -1 0 0 -1
-1 0 0 0 0 0 1 1 -1 0 0 0 0 1 0 0 0 0
-1 0 0 0 1 0 1 1 -1 0 -1 0 0 0 0 0 0 0
-1 0 -1 0 1 0 1 1 -1 0 1 0 0 0 -1 0 0 0
-1 1 0 0 1 0 0 0 0 0 0 0 0 0 0 0 -2 0
-1 1 0 0 1 0 0 -1 0 0 0 -1 0 0 0 2 0 1
-1 1 1 1 1 0 -1 -1 0 0 0 0 0 0 0 0 0 2
0 -1 0 1 1 0 0 0 0 0 0 0 0 0 -2 0 0 0
0 -1 0 1 1 -1 0 0 0 1 0 0 0 0 0 1 0 0
1 -1 0 1 1 -1 0 0 0 0 0 0 0 0 0 -1 0 0
1 -1 0 1 1 -1 -1 0 0 0 0 0 0 0 0 0 0 2
-1 1 0 0 0 0 0 1 0 0 0 0 0 2 0 0 0 0
-1 1 0 0 -1 0 0 1 0 0 0 0 0 0 0 0 0 -2
-1 1 0 0 -1 0 0 1 1 0 0 0 0 0 0 2 0 0
-1 1 0 0 -1 0 -1 1 1 0 0 -1 -1 0 0 0 0 0
-1 1 1 0 -1 0 -1 1 1 0 0 0 3 0 0 0 0 0
1 -1 1 -1 1 0 -1 0 0 0 0 0 0 0 0 0 0 2
1 0 0 1 0 -1 0 0 0 0 0 0 0 0 0 -2 0 0
1 0 0 1 0 -1 -1 0 0 0 -2 1 0 -1 0 0 0 4
1 1 0 1 0 -1 -1 0 0 0 0 2 0 0 0 0 0 0
1 1 -1 1 0 -1 -1 0 0 0 0 0 0 -1 0 0 0 -1
1 1 -1 1 1 -1 -1 0 0 0 0 0 0 0 0 0 -1 2
1 -1 0 1 1 0 0 0 -1 0 0 0 0 0 -3 0 0 0
1 -1 0 1 1 -1 0 0 -1 0 0 0 0 0 0 3 0 0
-1 0 1 0 0 0 1 0 0 0 0 0 0 -56 0 0 0 0
-1 0 1 0 -1 0 1 0 0 0 0 0 0 0 0 0 0 57
-1 0 1 0 -1 0 1 0 1 0 0 0 0 0 -34 0 -23 0
-1 0 1 0 -1 -1 1 0 1 0 0 0 0 0 0 0 36 0
0 1 -1 0 0 0 1 0 0 -1 0 0 -1 0 0 0 -1 0
-1 1 -1 0 0 0 1 0 0 0 0 0 0 0 0 0 1 0
-1 1 -1 0 0 0 1 1 0 0 0 0 0 -1 -1 0 0 0
-1 1 -1 0 -1 0 1 1 0 0 0 0 0 0 0 0 0 1
0 0 1 0 1 -1 0 0 0 0 0 0 -1 0 0 -69 0 -1
0 0 1 0 1 -1 -1 0 0 12 57 0 0 0 0 0 0 0
1 0 1 0 1 -1 -1 0 0 0 -11 0 0 0 0 0 0 -1
0 1 1 0 1 -1 -1 0 0 -30 0 0 0 0 0 0 -27 0
-1 1 1 0 1 -1 -1 0 0 0 0 0 0 0 0 0 30 0
0 0 1 0 0 0 1 0 -1 -2 0 0 -2 -47 0 0 0 0
0 0 1 0 -1 0 1 0 -1 47 0 0 0 0 0 0 0 0
1 0 1 0 -1 0 1 0 -1 0 -24 0 -23 0 -2 0 -1 0
1 -1 1 0 -1 0 1 0 -1 0 0 0 26 0 0 0 0 0
0 0 0 0 0 0 -1 1 0 0 -6 3 3 3 0 0 0 0
0 1 0 0 0 0 -1 1 0 0 0 0 0 7 0 0 0 0
0 1 0 0 -1 0 -1 1 0 0 0 -7 0 0 0 0 0 0
0 1 1 0 -1 0 -1 1 0 7 0 0 0 0 0 0 0 0
-1 1 1 0 -1 0 -1 1 0 0 0 0 -5 0 0 0 0 -2
-1 1 1 1 -1 0 -1 1 0 0 0 0 0 0 0 0 0 5
0 0 1 0 0 0 0 -1 1 0 0 0 -1 0 -3 0 0 0
0 0 1 0 0 -1 0 -1 1 1 0 0 1 1 0 0 0 0
1 0 1 0 0 -1 0 -1 1 0 0 0 0 -1 0 0 0 0
1 0 1 0 -1 -1 0 -1 1 0 1 0 0 0 0 0 0 0
1 0 -1 1 0 0 0 0 0 0 0 0 0 -1 0 -3 0 0
1 0 -1 1 0 0 -1 0 0 0 0 0 0 3 0 0 0 0
1 0 -1 1 1 0 -1 0 0 0 0 0 0 0 -2 0 0 -1
1 0 -1 1 1 0 -1 0 -1 0 0 0 0 0 2 0 -1 0
0 0 0 0 0 0 1 0 -1 6 0 7 3 1 1 0 0 0
0 0 0 1 0 0 1 0 -1 -3 0 0 0 0 0 0 0 0
-1 0 0 1 0 0 1 0 -1 0 0 0 0 3 0 0 0 0
-1 0 0 1 1 0 1 0 -1 0 0 -1 0 0 -2 0 0 0
-1 0 -1 1 1 0 1 0 -1 0 -2 0 0 0 3 0 0 0
-1 1 -1 1 1 0 1 0 -1 0 0 0 0 0 3 0 0 0
0 0 0 0 -1 0 0 1 0 1 0 1 1 0 0 0 0 0
1 0 0 0 -1 0 0 1 0 0 -1 0 0 0 0 0 0 0
1 -1 0 0 -1 0 0 1 0 0 0 0 0 0 0 2 0 0
1 -1 0 0 -1 0 1 1 0 0 0 0 -1 0 0 0 0 -2
1 -1 0 -1 -1 0 1 1 0 0 0 0 0 0 0 0 0 1
-1 1 1 0 0 1 0 -1 0 0 0 0 0 0 0 0 0 2
-1 1 1 0 0 1 0 -1 -1 0 0 0 0 0 0 -2 0 0
-1 1 1 0 0 1 1 -1 -1 0 0 0 0 2 0 0 0 0
0 0 0 0 1 0 0 -1 0 2 0 4 0 0 2 0 0 1
1 0 0 0 1 0 0 -1 0 0 -2 0 0 0 0 0 0 -2
1 0 0 0 1 0 0 -1 -1 0 0 0 0 0 0 2 0 0
1 0 0 0 1 0 1 -1 -1 0 0 -1 -1 0 0 0 0 0
1 0 0 -1 1 0 1 -1 -1 0 0 3 0 0 0 0 0 0
0 -1 0 0 0 0 0 1 0 1 0 1 0 0 0 0 0 0
0 -1 1 0 0 0 0 1 0 0 0 0 0 0 -1 0 0 0
0 -1 1 0 0 -1 0 1 0 0 0 0 1 0 0 0 0 0
0 -1 1 1 0 -1 0 1 0 -1 0 0 0 0 0 0 0 0
-1 -1 1 1 0 -1 0 1 0 0 0 0 0 0 0 1 0 0
-1 -1 1 1 0 -1 1 1 0 0 0 0 0 0 0 0 0 -1
-1 -1 1 1 0 -1 1 1 -1 0 0 0 0 1 0 0 0 0
0 -1 0 0 1 1 0 0 0 0 0 0 -1 0 0 -1 0 -1
0 -1 0 -1 1 1 0 0 0 0 0 1 0 0 0 0 0 0
0 -1 1 -1 1 1 0 0 0 0 0 0 0 0 0 0 0 -1
-1 1 0 0 0 0 1 0 0 0 0 0 0 0 0 0 0 -1
-1 1 0 0 0 0 1 0 -1 0 0 0 0 2 0 0 0 0
-1 1 0 0 1 0 1 0 -1 0 0 -1 0 0 -1 0 0 0
-1 1 -1 0 1 0 1 0 -1 0 0 0 0 0 0 0 1 0
1 -1 0 0 -1 1 0 0 0 0 0 0 0 0 0 0 2 0
1 -1 0 0 -1 1 0 1 0 0 0 -1 -1 0 0 0 0 0
1 -1 0 -1 -1 1 0 1 0 0 0 0 0 0 0 0 0 1
1 -1 0 -1 -1 1 0 1 1 0 0 -1 0 0 0 -1 0 0
1 -1 -1 -1 -1 1 0 1 1 0 0 0 0 0 0 1 0 0
0 0 1 0 1 0 0 -1 0 0 0 0 0 0 0 -4 0 0
0 0 1 0 1 0 -1 -1 0 0 0 0 0 0 0 0 0 6
0 0 1 0 1 0 -1 -1 1 -1 -2 0 0 0 -3 0 0 0
0 0 -1 0 0 1 0 0 0 2 4 0 -5 6 0 1 0 0
0 1 -1 0 0 1 0 0 0 0 0 0 -1 0 0 -2 -3 0
0 1 -1 0 0 1 -1 0 0 0 0 0 0 2 0 0 0 0
0 1 -1 0 1 1 -1 0 0 0 0 0 -2 0 0 0 0 0
0 1 -1 -1 1 1 -1 0 0 1 0 0 0 0 0 0 1 0
1 1 -1 -1 1 1 -1 0 0 0 0 0 0 0 0 0 -1 0
1 1 -1 -1 1 1 -1 -1 0 0 0 0 0 0 0 0 0 1
1 -1 0 1 0 0 0 0 0 0 0 0 0 0 0 1 0 0
1 -1 0 1 0 0 -1 0 0 0 0 0 0 1 -3 0 0 1
1 -1 0 1 0 1 -1 0 0 0 0 0 0 3 0 0 0 0
1 -1 0 1 -1 1 -1 0 0 0 0 -1 0 0 0 0 -2 0
1 -1 1 1 -1 1 -1 0 0 0 0 0 0 0 0 0 1 0
0 0 0 0 0 0 1 -1 0 4 1 0 0 2 0 0 0 0
1 0 0 0 0 0 1 -1 0 0 -1 -1 -4 0 -1 0 0 0
1 0 0 -1 0 0 1 -1 0 0 0 0 0 4 0 0 0 0
1 0 0 -1 1 0 1 -1 0 0 0 -2 0 0 0 0 0 -2
1 0 -1 -1 1 0 1 -1 0 0 0 0 0 0 0 0 0 3
-1 0 0 0 0 0 1 0 1 0 0 0 0 0 0 0 -3 0
-1 0 0 0 0 0 1 -1 1 0 0 3 0 0 0 0 0 0
-1 0 1 0 0 0 1 -1 1 0 -1 0 -1 -2 -1 0 0 0
-1 0 1 0 -1 0 1 -1 1 0 0 0 0 0 25 0 0 0
0 0 0 0 1 1 0 -1 0 0 0 0 -2 0 0 0 0 0
0 0 0 -1 1 1 0 -1 0 0 0 2 0 0 0 0 0 0
0 0 1 -1 1 1 0 -1 0 -2 -2 0 0 0 0 -1 0 -1
0 0 1 -1 1 1 0 -1 -1 0 0 0 0 0 0 1 0 0
0 -1 0 0 1 0 1 0 0 0 0 -1 0 0 0 0 0 -1
0 -1 -1 0 1 0 1 0 0 1 0 0 0 0 0 0 0 0
1 -1 -1 0 1 0 1 0 0 0 0 0 0 0 0 0 0 -1
0 0 0 -1 1 0 0 0 0 2 0 3 0 0 0 0 0 2
0 0 0 -1 1 0 0 0 1 -2 -2 0 0 0 -2 0 -1 0
-1 0 0 -1 1 0 0 0 1 0 0 0 0 0 0 2 0 0
-1 0 0 -1 1 0 1 0 1 0 0 0 0 0 0 0 -2 0
-1 0 0 -1 1 0 1 -1 1 0 0 2 0 0 0 0 0 0
0 1 0 1 -1 0 0 0 0 0 0 0 0 0 0 0 0 -1
0 1 0 1 -1 0 0 0 -1 1 0 0 0 0 0 0 0 0
1 1 0 1 -1 0 0 0 -1 0 0 0 0 0 0 -1 0 0
1 1 0 1 -1 0 -1 0 -1 0 0 1 0 0 0 0 0 0
0 0 1 0 1 -1 -1 -1 1 4 0 0 0 0 0 0 0 0
0 0 -1 1 0 1 0 0 0 0 0 0 0 5 0 0 0 0
0 0 -1 1 -1 1 0 0 0 0 0 0 0 0 0 -5 0 0
0 0 -1 1 -1 1 1 0 0 5 0 0 0 0 0 0 0 0
-1 0 -1 1 -1 1 1 0 0 0 -3 0 0 0 0 0 0 -2
-1 1 -1 1 -1 1 1 0 0 0 0 0 0 0 0 0 0 3
0 0 1 0 1 -1 0 -1 1 0 0 0 0 0 0 -1 0 0
1 0 1 0 -1 -1 -1 0 1 0 7 0 0 0 0 0 0 0
0 1 0 0 0 0 1 -1 0 -1 0 -1 -1 -3 0 0 0 0
0 1 0 0 -1 0 1 -1 0 4 0 0 0 0 0 0 0 0
1 1 0 0 -1 0 1 -1 0 0 0 -1 -3 0 0 0 0 0
1 1 0 -1 -1 0 1 -1 0 0 0 3 0 0 0 0 0 0
0 -1 1 0 1 -1 -1 0 1 31 0 0 0 0 0 0 0 0
0 0 1 0 -1 0 0 0 0 61 -3 0 0 0 2 -1 0 12
0 1 1 0 -1 0 0 0 0 3 0 0 0 0 0 0 0 0
-1 1 1 0 -1 0 0 0 0 0 0 0 -1 0 -2 -1 0 1
-1 1 1 0 -1 0 1 0 0 0 0 0 0 0 0 0 0 1
0 0 1 0 -1 0 0 1 0 0 0 0 0 0 -1 0 0 0
0 0 1 0 -1 0 0 1 -1 1 0 0 0 0 -1 0 0 0
0 0 1 0 -1 1 0 1 -1 4 0 0 0 0 0 0 0 0
0 -1 1 0 0 -1 1 -1 1 -1 0 0 -1 2 0 0 0 0
0 -1 1 1 0 -1 1 -1 1 0 0 0 0 1 0 0 0 0
0 0 1 -1 0 1 -1 1 -1 0 0 0 0 -5 0 0 0 0
0 1 1 -1 0 1 -1 1 -1 1 0 0 0 -1 0 0 0 0
0 0 1 -1 1 1 -1 1 -1 5 0 0 0 0 0 0 0 0
1 0 1 -1 -1 0 1 0 -1 0 25 0 0 0 0 0 0 0
0 1 1 0 1 -1 -1 -1 0 28 0 0 -1 0 0 0 0 0
1 -1 1 0 0 -1 1 -1 1 0 0 0 0 1 0 0 0 0
-1 1 1 0 -1 1 0 0 0 0 0 0 0 0 0 0 0 2
0 0 1 0 -1 1 -1 1 -1 1 -4 0 -2 0 0 0 0 0
0 0 1 1 -1 1 -1 1 -1 8 0 0 0 0 0 0 0 0
0 0 1 0 -1 0 1 0 0 -1 0 0 0 0 1 0 1 0
0 0 1 0 -1 -1 1 0 0 0 0 0 0 0 0 0 0 -1
0 0 1 0 -1 -1 1 0 1 0 0 0 1 0 0 0 0 0
0 0 1 0 -1 0 1 -1 0 1 -2 0 -3 0 -1 0 0 -1
0 0 1 0 -1 0 1 -1 1 0 0 0 0 0 1 0 0 0
0 0 1 0 -1 -1 1 -1 1 -1 0 0 0 0 0 0 0 0
1 0 1 0 -1 -1 1 -1 1 0 0 0 1 0 0 0 0 0
-1 1 1 1 -1 0 0 0 0 0 0 0 0 0 0 0 0 1
0 1 1 1 1 -1 -1 -1 0 0 0 0 0 0 0 0 0 1
0 1 1 -1 -1 1 -1 1 -1 1 0 0 0 0 0 0 0 0
0 0 1 1 -1 0 0 0 0 0 0 0 0 0 0 0 -1 0
0 0 1 1 -1 0 0 0 -1 1 0 0 0 0 0 -1 0 0
0 0 1 1 -1 0 1 0 -1 1 0 0 0 0 0 0 0 0
1 0 1 0 1 -1 -1 0 -1 0 3 0 -2 0 0 0 0 0
0 1 1 0 -1 1 -1 1 -1 4 0 0 0 0 0 0 0 0
-1 -1 1 1 0 -1 0 0 1 0 0 0 0 0 0 1 0 0
-1 -1 1 1 0 -1 1 0 1 0 0 0 0 -1 0 0 -1 0
-1 -1 1 1 1 -1 0 -1 1 0 0 0 0 0 0 2 0 0
1 0 0 0 1 0 -1 0 0 0 0 0 0 0 -1 0 0 0
1 0 0 0 1 -1 -1 0 0 0 0 0 0 0 0 0 0 2
0 0 0 0 1 0 -1 0 1 0 0 0 -1 0 0 0 0 0
0 0 0 -1 1 0 -1 0 1 1 0 0 0 0 0 0 0 0
-1 1 1 0 0 0 1 -1 0 0 0 0 -1 -1 0 0 0 0
-1 1 1 -1 0 0 1 -1 0 0 0 0 0 1 0 0 0 0
0 0 0 1 0 -1 0 0 1 0 -2 0 0 -1 0 0 0 0
0 -1 0 1 0 -1 0 0 1 0 0 0 0 0 0 1 1 0
0 -1 0 1 0 -1 1 0 1 0 0 0 0 -1 0 0 0 0
0 -1 0 1 -1 -1 1 0 1 0 0 0 0 0 0 0 1 0
0 0 0 1 -1 -1 0 0 1 1 0 0 0 0 0 0 0 0
1 0 0 1 -1 -1 0 0 1 0 -1 0 0 0 0 0 0 0
1 -1 0 1 -1 -1 0 0 1 0 0 0 0 0 0 0 1 0
1 -1 0 1 -1 -1 0 1 1 0 0 -1 0 0 0 0 0 0
1 -1 -1 1 -1 -1 0 1 1 0 0 0 0 0 0 1 0 0
1 1 0 0 0 0 0 -1 0 0 0 1 -1 0 0 -1 0 0
1 1 0 0 0 0 -1 -1 0 0 0 1 0 0 0 0 0 0
0 0 -1 0 0 1 0 1 -1 1 0 0 0 0 0 0 0 0
1 0 -1 0 0 1 0 1 -1 0 0 0 0 0 0 -2 0 0
1 0 -1 0 0 1 -1 1 -1 0 0 0 0 3 0 0 0 0
1 0 -1 0 1 1 -1 1 -1 0 -2 0 -2 0 0 0 0 0
1 -1 -1 0 1 1 -1 1 -1 0 0 0 4 0 0 0 0 0
0 1 0 0 1 0 -1 0 0 0 0 -1 0 0 -1 0 -2 0
0 1 0 0 1 0 -1 -1 0 0 0 0 0 0 0 0 0 2
0 1 0 0 1 0 -1 -1 1 0 0 -1 -1 0 -1 0 0 0
0 1 0 0 1 -1 -1 -1 1 1 0 0 0 0 0 0 0 0
0 0 0 1 1 -1 -1 0 1 0 0 -1 0 0 0 0 0 0
1 0 0 0 0 0 1 0 -1 0 -2 -2 -3 -1 -1 0 0 0
1 0 0 0 -1 0 1 0 -1 0 0 0 1 0 0 0 0 0
0 -1 0 1 0 -1 0 1 1 0 0 0 0 0 0 -1 0 0
0 -1 0 1 0 -1 -1 1 1 0 0 0 0 1 0 0 0 0
0 -1 0 1 1 -1 -1 1 1 0 0 -2 0 0 0 0 0 0
0 -1 -1 1 1 -1 -1 1 1 2 0 0 0 0 0 0 0 0
1 0 1 0 0 0 -1 0 -1 0 1 0 0 0 0 0 1 0
0 0 1 -1 0 0 1 0 -1 0 0 0 0 2 0 0 0 0
1 1 0 -1 0 0 0 -1 0 0 0 1 0 0 0 0 0 0
0 0 0 1 1 0 0 0 -1 -1 0 -2 0 0 0 0 -1 0
-1 0 0 1 1 0 0 0 -1 0 0 0 0 0 1 0 0 0
0 0 0 0 1 0 -1 1 0 -1 1 0 0 0 -2 0 0 0
0 0 0 0 1 -1 -1 1 0 0 3 0 0 0 0 0 0 0
1 0 0 1 0 -1 -1 0 1 0 -1 -1 0 -2 0 0 0 0
1 -1 0 1 0 -1 -1 0 1 0 0 0 0 2 0 0 0 0
0 1 0 0 0 0 0 -1 1 0 0 -2 0 0 0 -1 0 0
0 1 -1 0 0 0 0 -1 1 1 0 0 0 1 0 0 0 0
0 1 -1 0 1 0 0 -1 1 0 0 0 -1 0 0 0 0 0
0 1 -1 -1 1 0 0 -1 1 1 0 0 0 0 0 0 0 0
1 0 0 0 0 -1 1 0 -1 0 0 1 1 0 0 0 0 0
1 0 1 0 0 -1 1 0 -1 0 0 0 0 0 0 0 -1 0
1 0 1 0 0 -1 1 -1 -1 0 2 0 0 0 0 0 0 0
0 0 0 1 1 0 0 -1 -1 0 0 0 0 0 0 1 0 0
0 0 0 1 1 0 1 -1 -1 0 -1 0 0 0 0 0 0 0
0 -1 0 1 1 0 1 -1 -1 1 0 0 0 0 0 0 0 0
0 0 0 0 -1 0 0 0 1 0 0 3 2 0 4 2 2 0
0 0 0 0 -1 0 0 1 1 0 -1 0 0 0 0 -1 0 0
0 0 0 0 -1 0 -1 1 1 0 0 1 0 0 0 0 0 0
0 0 1 0 -1 0 -1 1 1 -1 -1 0 0 0 0 0 0 0
-1 0 1 0 -1 0 -1 1 1 0 0 0 0 0 1 0 0 0
1 1 -1 0 0 0 0 -1 0 0 0 0 -2 -1 1 0 0 1
1 1 -1 0 0 0 0 -1 1 0 0 0 0 0 -1 -1 0 0
1 1 -1 0 0 0 -1 -1 1 0 0 0 0 1 0 0 0 0
1 0 0 1 1 -1 -1 1 -1 0 0 1 0 0 0 0 0 0
0 -1 0 0 0 0 0 0 1 0 0 0 0 1 1 0 1 0
0 -1 0 0 0 0 0 1 1 0 0 0 -1 0 0 0 0 0
0 -1 0 -1 0 0 0 1 1 0 0 0 0 0 0 2 0 0
0 0 0 0 1 0 0 1 -1 -1 -1 -1 -1 0 -2 -1 0 0
0 0 0 0 1 0 -1 1 -1 0 1 0 0 0 0 0 0 0
0 0 1 1 0 -1 0 0 0 0 0 0 0 0 0 0 -3 0
0 0 1 1 0 -1 0 -1 0 0 0 0 0 1 0 2 0 0
0 0 1 1 0 -1 1 -1 0 -1 0 0 0 1 0 0 0 -1
-1 0 1 1 0 -1 1 -1 0 0 0 0 0 2 0 0 0 0
0 0 0 0 1 0 1 0 -1 0 0 0 0 0 -1 0 0 0
0 0 0 0 1 -1 1 0 -1 0 0 4 0 0 0 0 0 0
0 1 0 0 0 0 -1 -1 1 0 0 0 0 1 0 0 0 0
0 1 -1 0 1 0 -1 -1 1 1 0 0 0 0 0 0 0 0
1 0 0 0 0 -1 0 0 0 0 0 2 0 0 0 1 0 2
1 0 1 -1 0 -1 0 0 0 0 0 0 0 1 0 0 0 0
1 0 1 -1 1 -1 0 0 0 0 0 0 0 0 0 -1 0 0
1 0 1 -1 1 -1 -1 0 0 0 3 0 0 0 0 0 0 0
0 0 1 0 0 0 -1 1 0 0 0 0 -3 0 -1 0 0 -1
0 0 1 0 0 -1 -1 1 0 0 0 0 0 1 0 0 0 0
0 0 1 0 1 -1 -1 1 0 0 0 0 0 0 0 0 0 -1
0 0 1 0 1 -1 -1 1 -1 0 2 0 0 0 0 0 0 0
1 0 0 0 -1 0 0 0 0 0 3 0 1 0 1 1 0 0
1 1 0 0 -1 0 0 0 0 0 0 -1 -2 0 0 0 0 0
1 1 -1 0 -1 0 0 0 0 0 0 0 0 0 0 1 0 0
1 1 -1 0 -1 0 1 0 0 0 0 0 0 0 0 0 0 -1
1 1 -1 0 -1 0 1 0 -1 0 0 0 0 0 1 0 0 0
1 1 -1 0 -1 1 1 0 -1 0 0 0 0 0 0 0 -1 0
1 1 -1 0 -1 1 1 -1 -1 0 0 0 1 0 0 0 0 0
0 0 0 0 0 1 1 0 -1 -1 0 0 -2 0 0 0 0 0
0 0 0 -1 0 1 1 0 -1 0 0 0 0 2 0 0 0 0
0 0 0 -1 1 1 1 0 -1 0 -2 0 0 0 0 0 0 0
0 -1 0 -1 1 1 1 0 -1 0 0 2 0 0 0 0 0 0
0 0 0 1 0 0 -1 1 0 -1 0 -3 0 0 0 0 0 0
0 0 -1 1 0 0 -1 1 0 0 0 0 0 3 0 0 0 0
0 0 -1 1 1 0 -1 1 0 -1 -1 0 0 0 -1 0 0 0
0 -1 -1 1 1 0 -1 1 0 1 0 0 0 0 0 0 0 0
1 -1 -1 1 1 0 -1 1 0 0 0 0 0 0 -1 0 0 0
1 -1 -1 1 1 -1 -1 1 0 0 0 0 0 0 0 0 0 1
-1 0 0 1 0 -1 1 0 1 0 -1 0 0 -1 0 0 0 0
-1 0 0 1 -1 -1 1 0 1 0 0 0 0 0 0 0 1 0
0 0 1 -1 0 0 -1 1 0 3 0 0 0 0 0 0 0 0
1 0 1 -1 0 0 -1 1 0 0 -1 0 0 0 0 0 0 -2
1 0 1 -1 0 0 -1 1 -1 0 3 0 0 0 0 0 0 0
1 0 0 0 0 -1 0 0 1 0 0 -1 -1 0 0 0 0 0
1 0 0 -1 0 -1 0 0 1 0 0 0 0 1 0 0 0 0
1 0 -1 0 0 0 1 0 -1 0 0 0 1 0 3 0 0 0
1 0 0 0 0 0 0 0 -1 0 0 1 0 0 0 3 2 0
1 0 -1 0 0 1 1 0 -1 0 -1 0 0 -1 0 0 -1 0
1 0 -1 0 0 1 1 -1 -1 0 0 0 1 0 0 0 0 0
0 0 0 -1 1 1 0 1 -1 -1 0 -2 0 0 0 0 0 0
0 0 -1 -1 1 1 0 1 -1 0 2 0 0 0 0 0 0 0
1 0 1 1 0 -1 -1 0 0 0 0 0 0 0 0 0 0 -1
1 0 1 1 0 -1 -1 0 -1 0 1 0 0 0 0 0 0 0
1 -1 0 0 0 0 1 0 -1 0 0 0 2 0 0 0 0 0
1 0 0 0 0 1 0 0 -1 0 0 0 0 -1 0 0 0 0
1 0 0 0 -1 1 0 0 -1 0 0 0 0 0 0 1 0 0
1 0 0 0 -1 1 1 0 -1 0 -1 0 0 0 0 0 0 0
1 -1 0 0 -1 1 1 0 -1 0 0 0 1 0 0 0 0 0
0 1 -1 0 0 0 1 -1 0 1 0 0 1 0 0 0 0 0
1 1 -1 0 0 0 1 -1 0 0 0 0 0 -1 0 0 0 0
1 1 -1 0 -1 0 1 -1 0 0 0 0 2 0 0 0 0 0
-1 0 1 0 0 0 1 0 -1 0 0 0 0 2 0 0 0 0
0 1 0 -1 1 1 0 0 -1 0 0 0 0 0 0 0 -1 0
0 1 0 -1 1 1 0 -1 -1 0 0 0 0 0 0 1 0 0
0 1 0 -1 1 1 1 -1 -1 -1 0 0 0 0 0 0 0 0
-1 1 0 -1 1 1 1 -1 -1 0 0 2 0 0 0 0 0 0
1 0 -1 0 0 -1 0 0 1 0 0 0 0 1 0 0 0 0
0 0 1 0 1 0 0 0 -1 0 0 0 0 0 -1 0 0 0
0 0 1 0 1 -1 0 0 -1 0 0 0 0 0 0 2 0 0
0 1 0 0 1 -1 -1 0 0 0 0 0 0 0 0 0 1 0
0 0 0 1 1 -1 -1 1 0 0 -1 0 0 0 0 0 0 0
0 -1 0 1 1 -1 -1 1 0 0 0 0 0 0 0 0 0 1
1 0 -1 1 0 -1 -1 0 1 0 0 0 0 1 0 0 0 0
1 0 1 0 0 0 -1 1 -1 0 0 0 -1 0 -1 0 0 0
1 0 1 0 0 -1 -1 1 -1 0 1 0 0 0 0 0 0 0
1 0 0 1 -1 -1 -1 0 1 0 0 2 0 0 0 0 0 0
1 0 1 1 -1 -1 -1 0 1 0 0 0 0 0 0 0 -2 0
1 0 1 1 -1 -1 -1 -1 1 0 3 0 0 0 0 0 0 0
0 0 1 0 0 0 -1 1 -1 1 0 0 0 0 0 0 0 0
0 0 0 0 0 -1 1 0 1 0 0 -1 -1 0 0 0 -1 0
0 0 0 -1 0 -1 1 0 1 0 0 0 0 1 0 0 1 0
1 0 0 0 0 0 0 -1 0 0 1 1 1 2 0 3 0 2
1 0 0 1 0 0 0 -1 0 0 -1 0 0 0 0 0 0 0
1 -1 0 1 0 0 0 -1 0 0 0 0 0 1 0 0 0 0
1 -1 0 1 1 0 0 -1 0 0 0 0 0 0 -1 0 0 0
1 -1 0 1 1 -1 0 -1 0 0 0 0 0 0 0 0 0 1
1 0 0 0 0 -1 1 0 0 0 0 -1 -1 0 0 0 0 -1
1 0 1 0 -1 0 -1 0 0 0 10 0 0 0 0 0 0 0
1 0 1 0 0 -1 -1 0 0 0 1 0 0 0 0 0 0 0
1 1 -1 1 0 -1 -1 0 1 0 0 0 0 1 0 0 0 0
-1 1 0 0 0 0 1 -1 0 0 0 0 0 1 0 0 0 0
-1 1 0 0 1 0 1 -1 0 0 0 0 -2 0 -1 0 0 0
-1 1 0 0 1 -1 1 -1 0 0 0 1 0 0 0 0 0 0
0 -1 0 0 0 1 0 0 1 0 0 0 0 -1 0 0 0 0
0 -1 0 0 -1 1 0 0 1 0 0 2 0 0 0 0 0 0
1 0 0 0 0 0 0 -1 1 0 0 0 -1 0 0 -1 0 0
1 0 0 0 0 0 -1 -1 1 0 0 0 0 1 0 0 0 0
1 0 0 1 -1 0 0 0 0 0 0 -1 0 0 -1 2 -1 0
1 0 -1 1 -1 0 0 0 0 0 0 0 0 0 0 2 0 0
-1 0 0 1 0 0 -1 1 0 0 0 0 0 1 0 0 0 0
-1 0 0 1 1 0 -1 1 0 0 0 0 0 0 0 0 0 -1
-1 0 0 1 1 0 -1 1 -1 0 1 0 0 0 1 0 0 0
0 0 1 1 1 -1 0 -1 0 0 0 0 0 0 0 0 0 -1
0 0 1 1 1 -1 0 -1 -1 0 0 0 0 0 0 1 0 0
-1 0 1 1 0 -1 1 0 0 0 0 0 0 -1 0 0 0 -1
-1 0 1 1 0 -1 1 0 -1 0 0 0 0 1 0 0 0 0
0 -1 0 0 1 0 0 0 1 -1 0 -1 0 0 0 0 0 0
0 -1 -1 0 1 0 0 0 1 2 0 0 0 0 0 0 0 0
-1 0 0 0 1 0 -1 1 0 0 1 0 0 0 0 0 0 0
1 0 1 0 0 0 0 -1 0 0 0 0 0 -1 0 0 0 0
1 0 1 0 -1 0 0 -1 0 0 7 0 0 0 0 0 0 0
1 0 1 0 0 -1 0 0 -1 0 1 0 0 0 0 0 0 0
-1 0 -1 1 1 0 -1 1 0 0 1 0 0 0 0 0 0 0
0 0 0 -1 0 0 0 0 1 3 0 0 0 5 4 3 2 0
0 0 0 -1 0 1 0 0 1 -1 -1 -1 0 0 0 -1 0 0
0 0 -1 -1 0 1 0 0 1 0 0 0 0 0 0 1 0 0
0 0 -1 -1 0 1 1 0 1 -1 0 0 0 0 0 0 0 0
-1 0 -1 -1 0 1 1 0 1 0 0 0 0 0 0 0 1 0
1 1 -1 0 0 -1 0 -1 1 0 0 0 0 1 0 0 0 0
0 0 0 -1 1 0 0 -1 1 1 0 0 0 0 0 0 0 0
0 0 1 1 0 -1 1 -1 -1 0 0 0 0 1 0 0 0 0
0 1 0 -1 1 0 -1 -1 1 1 0 0 0 0 0 0 0 0
-1 -1 0 1 0 -1 1 0 1 0 0 1 0 0 0 0 0 0
-1 -1 1 1 0 -1 1 -1 1 0 0 0 0 1 0 0 0 0
1 0 0 1 0 -1 -1 1 0 0 0 1 0 0 0 0 0 -1
1 0 0 1 0 -1 -1 1 -1 0 0 1 0 0 0 0 0 0
1 0 1 1 0 -1 -1 1 -1 0 0 0 0 -1 0 0 0 0
1 0 1 1 -1 -1 -1 1 -1 0 2 0 0 0 0 0 0 0
0 0 0 0 1 -1 0 -1 1 1 0 0 0 0 0 0 0 0
0 1 0 -1 0 0 1 -1 0 1 0 0 0 0 0 0 0 0
1 1 0 -1 0 0 1 -1 0 0 0 0 0 0 -1 0 0 0
1 1 0 -1 0 -1 1 -1 0 0 0 1 0 0 0 0 0 0
-1 0 0 1 1 -1 1 0 0 0 0 1 0 0 0 0 0 -1
-1 0 0 1 1 -1 1 0 -1 0 0 3 0 0 0 0 0 0
1 0 1 0 -1 0 0 0 0 0 -35 0 -4 0 -1 -8 -6 -7
1 0 1 0 -1 -1 0 0 0 0 0 0 2 0 0 2 -2 -1
1 0 1 0 -1 -1 1 0 0 0 0 0 1 0 0 0 -2 -1
1 0 1 0 -1 -1 1 0 -1 0 1 0 2 0 0 0 0 0
1 0 1 0 -1 -1 0 0 1 0 0 0 1 0 0 -2 0 0
1 0 1 -1 -1 0 0 0 0 0 0 0 0 0 2 1 1 0
1 0 1 -1 -1 1 0 0 0 0 0 0 0 0 0 -1 0 -2
1 0 1 -1 -1 1 0 0 -1 0 2 0 0 0 0 0 0 0
1 -1 1 0 -1 0 0 0 0 0 0 0 0 0 -3 0 43 -5
1 -1 1 0 -1 1 0 0 0 0 0 0 0 0 0 -1 2 3
1 -1 1 0 -1 1 -1 0 0 0 0 0 0 0 0 0 1 1
1 -1 1 0 -1 1 -1 1 0 0 0 0 -1 0 0 0 0 0
0 0 1 0 -1 0 0 0 1 -4 -2 0 -2 0 -1 -3 -3 0
0 0 1 0 -1 -1 0 0 1 2 -1 0 3 0 0 0 -3 0
0 0 1 0 -1 -1 0 1 1 1 0 0 2 0 0 0 0 0
0 0 1 0 -1 1 0 0 0 -2 0 0 -2 0 0 0 -6 8
0 0 1 -1 -1 1 0 0 0 0 0 0 0 0 0 0 0 2
0 0 1 0 -1 1 0 -1 0 2 1 0 -1 0 0 1 0 3
1 0 1 0 -1 1 0 -1 0 0 0 0 -1 0 0 -2 0 1
1 0 1 0 -1 1 -1 -1 0 0 2 0 -1 0 0 0 0 0
0 0 1 0 -1 1 -1 0 0 -1 -1 0 0 0 0 0 1 1
0 1 1 0 -1 1 -1 0 0 1 0 0 0 0 0 0 0 0
-1 1 1 0 -1 1 -1 0 0 0 0 0 0 0 0 0 -1 0
-1 1 1 0 -1 1 -1 1 0 0 0 0 1 0 0 0 0 1
1 0 1 0 -1 0 0 0 -1 0 3 0 1 0 0 3 0 0
1 0 1 1 -1 0 0 0 -1 0 -1 0 0 0 -1 0 0 0
1 0 1 1 -1 -1 0 0 -1 0 0 0 0 0 0 1 1 0
0 0 1 1 -1 1 0 -1 0 0 0 0 0 0 0 1 0 0
0 0 1 1 -1 1 -1 -1 0 -1 0 0 0 0 0 0 0 0
1 0 1 1 -1 1 -1 -1 0 0 0 0 0 0 0 0 0 2
1 0 1 1 -1 -1 0 0 0 0 -1 0 0 0 0 0 0 -1
1 0 1 1 -1 -1 0 1 -1 0 -1 0 0 0 0 -1 0 0
0 -1 1 0 -1 0 0 0 1 1 0 0 -2 0 1 0 2 0
1 -1 1 0 -1 0 0 0 1 0 0 0 -1 0 3 -1 3 0
1 -1 1 -1 -1 0 0 0 1 0 0 0 0 0 1 0 0 0
0 -1 1 1 -1 0 0 0 1 -1 0 0 0 0 1 0 2 0
0 0 1 0 -1 1 0 0 -1 -1 -3 0 -1 0 0 0 -3 0
0 0 1 1 -1 1 0 0 -1 1 0 0 0 0 0 0 0 0
0 -1 1 0 -1 1 0 0 0 -1 0 0 0 0 0 -1 0 2
0 -1 1 0 -1 1 1 0 0 1 0 0 0 0 0 0 0 0
-1 -1 1 0 -1 1 1 0 0 0 0 0 0 0 0 0 -1 0
-1 -1 1 0 -1 1 1 1 0 0 0 0 0 0 0 0 0 1
1 0 1 0 -1 1 0 0 -1 0 1 0 0 0 0 0 0 0
1 -1 1 0 -1 1 0 0 -1 0 0 0 -3 0 0 -1 0 0
1 -1 1 0 -1 1 1 0 -1 0 0 0 0 0 0 0 1 0
1 -1 1 1 -1 0 0 0 0 0 0 0 0 0 0 1 0 -1
1 -1 1 1 -1 0 0 0 -1 0 0 0 0 0 0 2 0 0
0 1 1 0 -1 1 0 0 -1 3 0 0 0 0 0 0 0 0
-1 0 1 0 -1 0 0 0 1 0 0 0 2 0 2 0 0 0
-1 0 1 1 -1 0 0 0 1 0 -1 0 0 0 0 0 -1 0
-1 -1 1 1 -1 0 0 0 1 0 0 0 0 0 0 0 2 0
-1 -1 1 1 -1 0 0 1 1 0 0 0 0 0 -1 -2 0 0
-1 -1 1 1 -1 0 -1 1 1 0 0 0 0 0 3 0 0 0
0 0 1 0 -1 0 -1 0 1 2 0 0 0 0 0 0 1 0
1 0 1 0 -1 0 -1 -1 1 0 0 0 1 0 1 0 0 0
1 -1 1 0 -1 0 0 1 0 0 0 0 -1 0 0 -41 0 -1
1 -1 1 -1 -1 0 0 1 0 0 0 0 0 0 1 0 0 0
1 -1 1 -1 -1 1 0 1 0 0 0 0 0 0 0 -1 0 0
1 0 1 1 -1 0 -1 -1 1 0 2 0 0 0 -1 0 0 0
1 -1 1 0 -1 0 1 0 0 0 0 0 0 0 0 0 1 -1
-1 0 1 0 -1 1 0 0 0 0 0 0 0 0 0 1 0 2
-1 0 1 0 -1 1 1 0 0 0 0 0 -1 0 0 0 0 0
-1 0 1 -1 -1 1 1 0 0 0 1 0 0 0 0 0 0 0
-1 1 1 -1 -1 1 1 0 0 0 0 0 0 0 0 0 -1 0
-1 1 1 -1 -1 1 1 -1 0 0 0 0 0 0 0 0 0 1
1 0 1 -1 -1 1 -1 0 0 0 1 0 0 0 0 0 0 1
0 0 1 -1 -1 0 0 0 1 0 0 0 0 0 3 1 -2 0
0 0 1 -1 -1 0 0 1 1 0 1 0 0 0 1 0 0 0
0 -1 1 -1 -1 0 0 1 1 -1 0 0 0 0 0 1 0 0
1 -1 1 -1 -1 0 0 1 1 0 0 0 0 0 1 0 0 0
0 0 1 0 -1 1 -1 1 0 1 0 0 -1 0 0 0 0 -1
0 0 1 -1 -1 1 -1 1 0 0 0 0 0 0 0 0 0 1
-1 -1 1 1 -1 -1 0 1 1 0 0 0 0 0 0 3 0 0
0 1 1 0 -1 -1 0 0 1 0 0 0 1 0 0 0 0 0
1 0 1 0 -1 1 -1 1 -1 0 0 0 -1 0 0 0 0 0
1 0 1 -1 -1 1 -1 1 -1 0 2 0 0 0 0 0 0 0
0 0 1 0 -1 0 0 -1 1 0 2 0 0 0 1 0 0 0
0 1 1 0 -1 0 0 -1 1 -1 0 0 -1 0 0 0 0 0
-1 1 1 0 -1 0 0 -1 1 0 0 0 0 0 1 0 0 0
-1 0 1 0 -1 -1 0 1 1 0 -1 0 0 0 0 0 0 0
-1 1 1 0 -1 -1 0 1 1 0 0 0 1 0 0 0 0 0
-1 0 1 1 -1 0 0 -1 1 0 0 0 0 0 1 0 0 0
1 0 1 0 -1 -1 1 -1 0 0 1 0 2 0 0 0 0 0
0 -1 1 0 -1 0 -1 1 1 0 0 0 1 0 0 0 0 0
0 -1 1 1 -1 0 -1 1 1 -1 0 0 0 0 0 0 0 0
-1 0 1 0 -1 1 -1 1 0 0 -1 0 0 0 0 0 0 0
1 -1 1 1 -1 -1 0 0 0 0 0 0 0 0 0 0 1 0
1 -1 1 1 -1 -1 0 1 0 0 0 0 0 0 0 0 0 -1
1 -1 1 1 -1 -1 0 1 -1 0 0 0 0 0 0 2 0 0
1 0 1 0 -1 -1 0 1 0 0 2 0 0 0 0 0 0 0
1 -1 1 0 -1 -1 0 1 0 0 0 0 0 0 0 -1 0 -1
1 -1 1 0 -1 -1 0 1 1 0 0 0 3 0 0 0 0 0
0 -1 1 1 -1 -1 0 0 1 -1 0 0 0 0 0 0 0 0
1 -1 1 1 -1 -1 0 0 1 0 0 0 0 0 0 0 2 0
1 0 1 -1 -1 0 1 0 0 0 0 0 0 0 0 0 0 -1
1 -1 1 0 -1 -1 1 1 0 0 0 0 1 0 0 0 0 0
1 0 1 0 -1 0 1 -1 -1 0 2 0 0 0 0 0 0 0
0 1 1 -1 -1 0 0 -1 1 1 0 0 0 0 0 0 0 0
1 0 1 -1 -1 1 0 -1 0 0 0 0 0 0 0 0 0 1
0 0 1 0 -1 1 1 -1 0 0 0 0 -1 0 0 0 0 1
0 0 1 -1 -1 1 1 -1 0 0 0 0 0 0 0 0 0 2
1 0 1 0 -1 1 0 -1 -1 0 0 0 -1 0 0 0 0 0
1 0 1 1 -1 1 0 -1 -1 0 0 0 0 0 0 1 0 0
0 -1 1 0 -1 0 0 1 1 -1 0 0 -1 0 0 0 0 0
-1 -1 1 0 -1 0 0 1 1 0 0 0 1 0 0 0 0 0
0 1 1 0 -1 1 0 -1 0 -1 0 0 0 0 0 0 0 0
-1 1 1 0 -1 1 0 -1 0 0 0 0 0 0 0 0 0 1
0 0 1 -1 -1 0 1 0 1 0 0 0 0 0 0 0 -1 0
1 0 1 -1 -1 0 0 1 0 0 0 0 0 0 0 -1 0 0
1 0 1 -1 -1 0 -1 1 0 0 0 0 0 0 1 0 0 0
0 0 -1 0 0 0 0 1 1 0 0 0 0 -1 0 -1 0 0
0 0 -1 0 0 0 -1 1 1 0 0 0 0 1 0 0 0 0
0 0 -1 0 1 0 -1 1 1 -1 0 0 0 0 0 0 0 0
-1 0 -1 0 1 0 -1 1 1 0 1 0 0 0 0 0 0 0
-1 1 -1 0 0 1 1 1 -1 0 0 0 0 3 0 0 0 0
-1 0 1 1 1 -1 0 0 -1 0 0 0 0 0 0 1 0 0
0 0 0 -1 1 0 1 -1 1 0 0 -1 0 0 0 0 0 0
0 0 -1 -1 1 0 1 -1 1 1 0 0 0 0 0 0 0 0
1 1 -1 0 1 -1 0 -1 0 0 0 0 0 0 0 0 0 1
-1 1 0 0 0 0 0 0 1 0 0 0 0 0 0 0 0 0
-1 1 -1 0 0 0 0 0 1 0 0 0 0 0 0 0 0 0
-1 1 -1 0 0 0 0 1 1 0 0 0 0 -1 0 1 0 0
-1 1 -1 0 -1 0 0 1 1 0 0 0 0 0 0 1 0 0
-1 0 1 0 0 1 0 0 0 0 0 0 0 -1 0 0 0 -2
-1 0 1 0 0 1 0 0 -1 0 0 0 0 2 0 0 0 0
-1 0 1 0 1 1 0 0 -1 0 0 0 -2 0 0 0 0 0
-1 0 1 -1 1 1 0 0 -1 0 0 0 0 0 0 3 0 0
0 0 1 0 0 0 0 1 -1 -2 0 0 0 0 0 0 0 0
-1 0 1 0 0 0 0 1 -1 0 0 0 0 2 0 0 0 0
-1 0 1 0 1 0 0 1 -1 0 -2 0 0 0 0 0 0 0
-1 -1 1 0 1 0 0 1 -1 0 0 0 0 0 0 2 0 0
-1 1 0 1 0 -1 1 0 0 0 0 0 0 0 0 0 0 1
-1 1 0 1 0 -1 1 0 -1 0 0 -1 0 0 0 0 0 0
-1 1 1 1 0 -1 1 0 -1 0 0 0 0 1 0 0 0 0
1 0 -1 1 0 -1 -1 1 0 0 0 0 0 0 0 0 0 -1
1 0 -1 1 0 -1 -1 1 1 0 0 0 0 1 0 0 0 0
-1 -1 1 -1 1 1 0 1 -1 0 0 0 0 0 0 2 0 0
-1 1 0 1 -1 0 -1 1 1 0 0 1 0 0 0 0 0 0
1 0 -1 -1 -1 0 1 0 1 0 0 0 0 0 0 0 3 0
1 1 -1 1 1 -1 -1 -1 0 0 0 0 0 0 0 0 0 1
-1 -1 0 0 1 0 1 1 -1 0 0 1 0 0 0 0 0 0
-1 -1 0 0 1 0 0 0 1 0 0 1 0 0 0 0 0 0
-1 -1 1 0 1 0 0 0 1 0 0 0 0 0 0 -1 0 0
-1 0 0 0 1 -1 1 -1 1 0 0 3 0 0 0 0 0 0
1 -1 1 0 0 -1 1 0 0 0 0 0 0 -1 0 0 0 0
1 -1 1 0 -1 -1 1 0 0 0 0 0 1 0 0 0 0 0
1 1 0 0 0 0 -1 0 0 0 0 -2 0 0 0 0 0 0
1 1 -1 0 0 0 -1 0 0 0 0 0 0 2 0 0 0 0
1 1 -1 0 1 0 -1 0 0 0 0 0 0 0 0 0 -1 -1
1 1 -1 0 1 0 -1 0 -1 0 0 0 0 0 -1 0 2 0
0 1 1 0 0 0 -1 0 0 -1 0 0 0 0 0 0 0 0
-1 1 1 0 0 0 -1 0 0 0 0 0 1 0 0 0 0 0
-1 1 1 1 0 0 -1 0 0 0 0 0 0 0 0 0 0 -1
-1 1 1 1 0 0 -1 0 -1 0 0 0 0 1 0 0 0 0
-1 1 1 1 1 0 -1 0 -1 0 0 0 0 0 -1 0 0 0
-1 1 1 1 1 -1 -1 0 -1 0 0 0 0 0 0 0 2 0
1 -1 -1 0 -1 1 0 1 0 0 0 0 0 0 0 1 0 0
1 -1 -1 0 -1 1 1 1 0 0 0 0 -1 0 0 0 0 0
1 -1 -1 -1 -1 1 1 1 0 0 0 0 0 0 0 0 0 1
1 0 0 0 0 0 0 1 -1 0 0 -1 -1 0 -1 0 0 0
1 0 0 0 0 -1 0 1 -1 0 0 1 0 0 0 0 0 0
1 0 1 0 0 -1 0 1 -1 0 -1 0 0 0 0 0 0 0
1 -1 1 0 0 -1 0 1 -1 0 0 0 0 0 0 1 0 0
1 -1 1 0 0 -1 1 1 -1 0 0 0 -1 0 0 0 0 0
1 -1 1 -1 0 -1 1 1 -1 0 0 0 0 1 0 0 0 0
1 0 -1 0 1 0 1 -1 -1 0 0 0 1 0 0 0 0 0
-1 0 0 1 0 1 0 0 0 0 0 0 0 4 0 0 0 0
-1 0 0 1 -1 1 0 0 0 0 0 0 0 0 0 0 0 -4
-1 0 0 1 -1 1 0 0 1 0 0 4 0 0 0 0 0 0
-1 0 -1 1 -1 1 0 0 1 0 -2 0 0 0 0 -2 0 0
-1 0 -1 1 -1 1 1 0 1 0 4 0 0 0 0 0 0 0
1 1 -1 0 1 0 -1 -1 0 0 0 0 0 0 0 0 0 1
0 0 0 0 1 -1 -1 1 1 0 -2 0 0 0 0 0 0 0
0 -1 0 0 1 -1 -1 1 1 2 0 0 0 0 0 0 0 0
-1 1 0 1 1 0 1 -1 -1 0 0 0 0 0 -1 0 0 0
-1 1 0 1 1 -1 1 -1 -1 0 0 1 0 0 0 0 0 0
0 0 0 0 0 -1 1 -1 1 0 0 0 0 1 0 0 0 0
0 0 0 0 1 -1 1 -1 1 -1 0 0 0 0 0 0 0 0
1 1 -1 0 -1 0 1 1 -1 0 0 0 0 0 4 0 0 0
1 1 -1 1 0 0 0 -1 0 0 0 0 0 0 0 2 0 0
1 1 -1 1 0 0 -1 -1 0 0 0 0 0 -1 0 0 0 -1
1 1 -1 1 1 0 -1 -1 0 0 0 0 0 0 0 0 0 1
-1 0 -1 1 1 -1 1 0 0 0 0 0 0 0 0 0 0 -1
-1 0 -1 1 1 -1 1 0 1 0 1 0 0 0 0 0 0 0
1 0 0 -1 0 0 1 0 -1 0 0 3 0 0 0 0 0 0
1 0 1 -1 0 0 1 0 -1 0 -2 0 0 -1 0 0 0 0
0 0 0 1 0 0 -1 0 0 0 0 1 0 3 -7 0 1 3
0 0 0 1 0 1 -1 0 0 0 0 0 0 8 0 0 0 0
0 0 0 1 -1 1 -1 0 0 0 0 -8 0 0 0 0 0 0
0 0 1 1 -1 1 -1 0 0 0 0 0 0 0 0 0 0 8
0 0 1 1 -1 1 -1 0 -1 -2 0 0 0 0 0 0 -6 0
1 -1 0 1 -1 1 -1 1 0 0 0 2 0 0 0 0 0 0
1 0 1 1 -1 1 -1 0 -1 0 0 0 0 0 0 0 5 0
0 1 1 0 1 -1 0 -1 0 -1 0 0 0 0 0 0 0 0
0 -1 0 0 1 0 -1 1 0 0 0 0 0 0 0 0 0 -1
0 -1 0 0 1 0 -1 1 1 2 0 0 0 0 0 0 0 0
-1 -1 0 0 1 0 -1 1 1 0 0 0 -2 0 0 0 0 0
-1 -1 0 1 1 0 -1 1 1 0 0 2 0 0 0 0 0 0
-1 0 0 1 1 -1 1 1 -1 0 0 2 0 0 0 0 0 0
1 1 0 -1 1 0 0 -1 -1 0 0 2 0 0 0 0 0 0
0 0 1 -1 1 0 0 0 0 -7 -9 0 0 0 -1 -3 -14 -2
0 0 1 -1 1 0 -1 0 0 3 0 0 0 0 0 0 0 0
1 0 1 -1 1 0 -1 0 0 0 -1 0 0 0 -2 0 0 0
0 0 0 -1 1 0 1 1 -1 0 -1 -1 0 0 0 0 0 0
0 0 -1 -1 1 0 1 1 -1 0 1 0 0 0 0 0 0 0
1 0 -1 1 1 0 -1 1 -1 0 0 0 0 0 1 0 0 0
0 -1 0 -1 1 0 1 1 -1 0 0 1 0 0 0 0 0 0
0 1 0 0 0 -1 -1 1 1 0 0 0 0 1 0 0 0 0
0 1 0 0 -1 -1 -1 1 1 0 0 0 -1 0 0 0 0 0
0 1 0 1 -1 -1 -1 1 1 0 0 1 0 0 0 0 0 0
1 -1 1 0 -1 -1 0 0 1 0 0 0 -1 0 0 -1 -2 0
1 -1 1 1 -1 0 -1 0 0 0 0 0 0 0 0 0 0 -1
1 -1 1 1 -1 0 -1 0 1 0 0 0 0 0 0 0 1 0
1 -1 1 0 -1 -1 1 0 1 0 0 0 1 0 0 0 0 0
1 -1 1 1 -1 1 0 0 -1 0 0 0 0 0 0 0 3 0
1 -1 0 0 0 0 1 -1 0 0 0 0 2 0 0 0 0 0
0 0 0 1 -1 0 0 0 1 0 0 -3 0 0 0 0 -1 0
0 0 -1 1 -1 0 0 0 1 0 0 0 0 0 0 3 0 0
0 0 -1 1 -1 0 1 0 1 -3 0 0 0 0 0 0 0 0
-1 0 -1 1 -1 0 1 0 1 0 1 0 0 0 0 0 2 0
-1 1 -1 1 -1 0 1 0 1 0 0 0 0 0 -1 0 0 0
-1 1 -1 1 -1 -1 1 0 1 0 0 0 0 0 0 0 1 0
1 1 0 -1 -1 0 0 0 0 0 0 2 0 0 1 0 0 0
1 1 0 -1 -1 1 0 0 0 0 0 0 0 0 0 0 -1 0
1 1 0 -1 -1 1 0 -1 0 0 0 1 0 0 0 0 0 0
1 0 0 1 -1 0 0 -1 0 0 1 0 0 0 0 0 0 0
1 1 0 1 -1 0 0 -1 0 0 0 0 0 0 -1 0 0 0
1 1 0 1 -1 -1 0 -1 0 0 0 0 0 0 0 1 0 0
-1 0 0 0 1 0 0 0 0 0 3 0 1 0 2 1 1 0
-1 1 0 -1 1 0 1 -1 0 0 0 2 0 0 0 0 0 0
0 0 0 -1 0 1 0 1 -1 0 1 0 0 0 0 0 0 0
0 1 0 -1 0 1 0 1 -1 -1 0 0 0 0 0 0 0 0
-1 1 0 -1 0 1 0 1 -1 0 0 0 0 0 0 1 0 0
-1 1 0 -1 0 1 1 1 -1 0 0 -1 0 0 0 0 0 0
-1 1 -1 -1 0 1 1 1 -1 0 0 0 0 2 0 0 0 0
0 0 -1 0 1 0 0 1 -1 0 0 0 0 0 1 0 0 0
0 0 -1 0 1 1 0 1 -1 0 0 0 0 0 0 -1 0 0
0 0 -1 0 1 1 -1 1 -1 0 0 0 1 0 0 0 0 0
1 0 0 1 -1 -1 0 0 0 0 0 0 0 0 0 1 0 0
1 0 0 1 -1 0 -1 0 0 0 0 -2 0 0 0 0 0 0
1 0 1 1 -1 0 -1 0 0 0 0 0 0 0 0 0 2 0
1 0 1 1 -1 0 -1 -1 0 0 0 0 0 0 0 0 0 -2
-1 0 0 0 1 1 0 0 0 0 -1 -1 0 0 0 0 0 0
-1 0 -1 0 1 1 0 0 0 0 2 0 1 0 0 0 0 0
-1 1 -1 0 1 1 0 0 0 0 0 0 0 0 0 -2 -1 0
-1 1 -1 0 1 1 -1 0 0 0 0 0 1 0 0 0 1 0
0 -1 0 1 1 0 -1 0 0 0 0 0 0 0 1 0 0 0
0 -1 0 0 0 0 1 0 0 0 0 0 0 1 0 0 1 0
0 -1 0 0 0 0 1 1 0 0 0 -1 0 0 0 0 0 0
0 -1 -1 0 0 0 1 1 0 1 0 0 0 0 0 0 0 0
1 -1 -1 0 0 0 1 1 0 0 0 0 -1 0 0 0 0 0
1 -1 -1 -1 0 0 1 1 0 0 0 0 0 0 0 0 0 1
0 0 0 0 -1 1 0 0 1 0 -1 0 -2 0 0 0 -1 0
0 0 0 -1 -1 1 0 0 1 0 0 2 0 0 0 0 0 0
0 0 -1 0 1 1 0 0 0 -2 -2 0 -1 0 0 -1 -1 0
1 0 -1 -1 0 0 0 0 1 0 0 0 0 2 0 0 0 0
0 0 -1 0 1 0 0 0 0 1 2 0 0 0 1 0 0 2
0 0 -1 0 1 0 0 0 1 0 -1 0 -1 0 0 0 0 0
0 0 -1 -1 1 0 0 0 1 1 0 0 0 0 0 0 0 0
0 1 -1 0 1 0 0 0 0 -2 0 0 0 0 0 -1 0 -1
-1 1 -1 0 1 0 0 0 0 0 0 0 0 0 0 0 2 0
0 0 -1 -1 1 1 0 0 0 0 1 0 0 0 0 0 0 0
0 1 -1 -1 1 1 0 0 0 -1 0 0 0 0 0 0 0 0
-1 1 -1 -1 1 1 0 0 0 0 0 0 0 0 0 0 1 0
0 0 0 0 -1 0 1 0 0 2 1 0 0 0 0 0 0 0
1 0 0 0 -1 0 1 0 0 0 -2 0 0 0 -1 0 0 0
1 -1 0 0 -1 0 1 0 0 0 0 0 1 0 0 0 1 0
1 -1 0 0 -1 0 1 1 -1 0 0 0 2 0 0 0 0 0
-1 0 0 1 1 0 0 0 0 0 0 0 0 0 0 0 -1 0
-1 0 0 1 1 0 0 -1 0 0 0 0 0 0 1 0 0 0
0 0 0 0 -1 0 1 0 1 0 -1 0 0 0 -1 0 0 0
0 0 0 0 -1 -1 1 0 1 0 0 0 0 0 0 0 1 0
0 1 -1 0 1 0 0 0 -1 0 0 0 0 0 1 0 0 0
0 1 -1 0 1 1 0 0 -1 0 0 0 -1 0 0 0 0 0
0 1 -1 -1 1 1 0 0 -1 0 0 0 0 0 0 0 1 0
0 0 1 0 0 0 0 -1 0 0 0 0 0 0 1 29 0 1
0 0 1 -1 0 0 0 -1 1 0 0 0 0 0 1 0 0 0
0 1 -1 -1 0 0 1 0 0 0 0 0 0 0 0 0 0 1
0 1 -1 -1 0 0 1 0 1 0 0 0 0 -1 0 0 0 0
0 1 -1 -1 -1 0 1 0 1 0 0 0 0 0 0 0 1 0
0 -1 0 0 -1 0 1 0 1 0 0 0 0 0 0 0 1 0
0 0 0 0 0 -1 1 0 0 2 0 0 1 0 0 0 0 1
1 0 0 -1 0 -1 1 0 0 0 0 0 0 1 0 0 0 0
1 0 0 -1 1 -1 1 0 0 0 0 -1 0 0 0 0 0 0
1 0 -1 -1 1 -1 1 0 0 0 0 0 0 0 0 0 0 1
0 -1 0 0 -1 0 0 1 1 0 0 0 0 0 0 1 0 0
0 0 -1 0 0 1 1 -1 0 1 0 0 0 0 0 0 0 0
1 0 -1 0 0 1 1 -1 0 0 -1 0 0 0 0 0 0 0
1 -1 -1 0 0 1 1 -1 0 0 0 0 0 1 0 0 0 0
1 -1 -1 0 1 1 1 -1 0 0 0 0 0 0 0 0 0 -1
1 -1 -1 0 1 1 1 -1 -1 0 0 0 1 0 0 0 0 0
1 0 -1 0 0 1 0 0 0 0 -1 0 0 0 0 -1 0 0
1 0 -1 0 0 1 -1 0 0 0 0 0 0 1 0 0 0 0
1 0 -1 0 1 1 -1 0 0 0 0 0 0 0 0 0 -1 0
1 0 -1 0 1 1 -1 -1 0 0 0 0 0 0 0 0 0 1
0 0 0 0 -1 1 0 -1 1 0 1 0 0 0 0 0 0 0
0 1 0 0 -1 1 0 -1 1 0 0 0 0 0 0 -1 0 0
0 1 0 0 -1 1 -1 -1 1 0 0 1 0 0 0 0 0 0
0 0 0 1 1 0 -1 0 -1 0 0 0 0 0 0 0 1 0
0 0 0 1 1 0 -1 1 -1 -1 0 0 0 0 0 0 0 0
0 0 1 0 0 0 1 -1 0 -7 -14 0 -1 5 -10 0 0 -2
0 0 1 0 0 0 1 -1 -1 0 0 0 0 2 0 0 0 0
0 0 1 1 -1 -1 0 0 1 -2 0 0 0 0 0 0 -1 0
-1 0 1 1 -1 -1 0 0 1 0 0 0 0 0 0 0 2 0
-1 0 1 1 -1 -1 0 1 1 0 -2 0 0 0 0 0 0 0
-1 0 0 0 1 0 1 0 0 0 -1 0 0 0 0 0 0 0
-1 -1 0 0 1 0 1 0 0 0 0 1 0 0 0 0 0 0
0 0 1 -1 0 0 0 0 0 0 0 0 0 33 1 1 0 0
0 0 1 -1 1 -1 0 0 0 0 0 0 0 0 0 2 0 0
0 0 1 1 -1 -1 0 -1 1 0 1 0 0 0 0 0 0 0
0 1 1 1 -1 -1 0 -1 1 0 0 0 0 0 0 -1 0 0
0 1 1 1 -1 -1 -1 -1 1 1 0 0 0 0 0 0 0 0
0 0 0 0 -1 1 0 1 -1 1 0 0 0 0 0 0 0 0
1 0 0 0 -1 1 0 1 -1 0 0 -1 0 0 0 0 0 0
1 0 -1 0 -1 1 0 1 -1 0 0 0 0 0 0 1 0 0
1 0 -1 0 -1 1 1 1 -1 0 -1 0 0 0 0 0 0 0
1 -1 -1 0 -1 1 1 1 -1 0 0 0 1 0 0 0 0 0
1 -1 -1 0 0 1 0 0 0 0 0 0 0 1 0 0 0 0
1 -1 -1 0 1 1 0 0 0 0 0 0 -1 0 0 -1 0 0
1 -1 -1 -1 1 1 0 0 0 0 0 0 0 0 0 0 0 1
0 1 -1 0 1 0 -1 0 0 0 0 0 0 0 0 0 2 0
0 0 1 -1 1 0 0 0 -1 0 0 0 0 0 0 2 0 0
0 0 1 1 0 0 -1 0 0 -1 0 0 0 0 0 0 0 0
-1 0 1 1 0 0 -1 0 0 0 0 0 0 0 0 0 0 1
-1 0 1 1 0 0 -1 0 1 0 0 0 0 -1 0 0 0 0
-1 0 1 1 -1 0 -1 0 1 0 0 0 0 0 1 0 0 0
0 0 1 -1 0 0 1 -1 0 0 0 0 0 1 0 0 0 0
-1 0 0 0 1 0 0 1 -1 0 2 0 0 0 0 0 0 0
-1 0 0 0 1 0 0 1 0 0 -1 -1 0 0 0 0 0 -1
-1 -1 0 0 1 0 0 1 0 0 0 1 0 0 0 0 0 0
-1 -1 1 0 1 0 0 1 0 0 0 0 0 0 -1 0 0 0
-1 -1 1 0 1 -1 0 1 0 0 0 0 0 0 0 1 0 0
0 0 -1 0 1 1 0 -1 0 0 0 0 1 0 0 0 0 0
0 0 -1 1 1 0 -1 0 0 0 0 0 0 0 2 0 0 0
0 -1 -1 0 1 1 0 0 0 1 0 0 1 0 0 0 0 0
0 1 -1 0 0 1 0 -1 0 0 0 0 0 1 0 0 0 2
0 1 -1 0 1 1 0 -1 0 0 0 0 0 0 0 -1 0 0
0 1 -1 0 1 1 -1 -1 0 0 0 0 0 0 0 0 0 1
0 1 -1 0 1 1 -1 -1 1 -1 0 0 -1 0 0 0 0 0
0 1 -1 -1 1 1 -1 -1 1 2 0 0 0 0 0 0 0 0
1 0 0 -1 0 0 0 1 -1 0 1 0 0 0 0 0 0 0
1 1 0 -1 0 0 0 1 -1 0 0 -1 0 0 0 0 0 0
1 1 -1 -1 0 0 0 1 -1 0 0 0 0 1 0 0 0 0
0 0 -1 0 0 -1 1 0 1 0 0 0 0 0 0 0 2 0
0 0 1 -1 0 0 1 0 0 0 0 0 0 -1 0 0 0 0
0 0 1 -1 -1 0 1 0 0 0 0 0 0 0 1 0 0 0
0 0 1 -1 -1 1 1 0 0 0 0 0 0 0 0 0 -1 0
0 1 -1 0 0 1 0 -1 1 0 0 0 -1 0 0 -1 0 0
0 1 -1 -1 0 1 0 -1 1 0 0 0 0 1 0 0 0 0
0 1 -1 -1 1 1 0 -1 1 0 0 0 0 0 0 -1 0 0
0 0 -1 0 1 1 -1 0 0 0 0 0 1 0 0 0 0 0
1 0 -1 0 1 0 0 0 0 0 0 0 -2 0 0 0 0 0
1 0 -1 -1 1 0 0 0 0 0 0 0 0 0 0 0 0 2
0 0 1 -1 0 1 0 0 0 0 0 0 0 0 0 -1 0 0
0 0 1 -1 0 1 -1 0 0 1 0 0 0 0 0 0 0 0
1 0 1 -1 0 1 -1 0 0 0 0 0 0 -1 0 0 0 0
1 0 -1 0 0 0 0 -1 1 0 0 0 0 1 0 0 0 0
1 -1 -1 0 1 1 -1 0 0 0 0 0 0 0 0 0 0 1
0 0 1 0 0 1 0 -1 0 0 -1 0 0 0 0 0 0 0
0 -1 1 0 0 1 0 -1 0 0 0 0 0 0 0 0 0 1
0 1 -1 -1 0 1 0 0 0 0 0 0 0 0 0 0 1 0
0 1 -1 -1 0 1 0 1 0 0 0 0 0 0 0 -1 0 0
0 1 -1 -1 0 1 -1 1 0 1 0 0 0 0 0 0 0 0
1 1 -1 -1 0 1 -1 1 0 0 0 0 0 0 0 0 0 -1
1 1 -1 -1 0 1 -1 1 -1 0 0 0 0 1 0 0 0 0
1 -1 0 0 0 0 0 1 0 0 0 0 0 -1 -1 0 0 0
1 -1 0 0 0 -1 0 1 0 0 0 0 0 1 0 0 0 0
1 -1 0 0 1 -1 0 1 0 0 0 0 0 0 0 -1 0 0
1 -1 0 0 1 -1 -1 1 0 0 0 0 0 0 0 0 0 1
1 0 -1 1 1 -1 -1 0 0 0 0 0 0 0 0 0 0 2
0 1 -1 1 0 0 1 -1 0 -1 0 0 0 0 0 0 0 0
-1 1 -1 1 0 0 1 -1 0 0 0 0 0 1 0 0 0 0
-1 1 -1 1 1 0 1 -1 0 0 0 0 0 0 0 0 0 -1
-1 1 -1 1 1 0 1 -1 -1 0 0 0 0 0 1 0 0 0
0 0 0 -1 1 0 0 1 -1 0 1 0 0 0 0 0 0 0
-1 1 0 0 1 0 0 -1 1 0 0 0 0 0 0 -1 0 0
-1 1 0 0 1 0 -1 -1 1 0 0 0 1 0 0 0 0 0
-1 1 0 1 1 0 -1 -1 1 0 0 -1 0 0 0 0 0 0
-1 1 -1 1 1 0 -1 -1 1 0 0 0 0 0 1 0 0 0
1 0 0 0 -1 -1 1 0 0 0 0 0 1 0 0 0 0 0
0 -1 0 0 1 0 0 1 -1 0 0 1 0 0 0 0 0 0
0 -1 1 0 1 0 0 1 -1 0 0 0 0 0 -1 0 0 0
0 -1 1 0 1 -1 0 1 -1 0 0 0 0 0 0 2 0 0
1 -1 0 1 0 0 -1 0 1 0 0 0 0 0 -1 0 0 0
0 0 0 0 1 -1 0 1 -1 0 0 2 0 0 0 0 0 0
0 0 1 0 1 -1 0 1 -1 0 -1 0 0 0 0 -1 0 0
1 -1 0 0 0 -1 1 0 0 0 0 0 1 0 0 0 0 0
1 0 -1 0 0 -1 1 0 0 0 0 0 1 0 0 0 0 0
-1 -1 0 0 1 1 0 0 0 0 0 0 1 0 0 0 0 0
0 -1 0 0 1 0 1 0 -1 0 0 1 0 0 0 0 0 0
-1 0 1 1 -1 -1 1 0 0 0 0 0 0 0 0 0 0 1
-1 0 1 1 -1 -1 1 0 1 0 -1 0 0 0 0 0 0 0
0 0 1 1 -1 0 1 -1 0 0 2 0 0 0 0 0 0 1
-1 0 1 -1 1 0 0 0 0 0 0 0 0 0 0 6 3 -2
-1 0 1 -1 1 0 0 0 1 0 0 0 0 0 -1 3 0 0
0 0 1 -1 1 0 0 -1 0 2 2 0 0 0 4 4 0 2
1 0 1 -1 1 0 0 -1 0 0 0 0 0 0 0 -1 0 -1
1 0 1 -1 1 0 -1 -1 0 0 0 0 0 0 0 0 0 1
1 0 1 0 -1 0 1 -1 0 0 0 0 0 0 0 0 0 -1
-1 0 1 -1 1 1 0 0 0 0 0 0 0 0 0 2 -1 -1
-1 0 1 0 0 0 1 -1 0 0 1 0 1 1 2 0 0 2
-1 1 1 0 -1 0 1 -1 0 0 0 0 -1 0 0 0 0 1
-1 1 1 0 -1 0 1 -1 1 0 0 0 -1 0 0 0 0 0
-1 1 1 -1 -1 0 1 -1 1 0 0 0 0 0 1 0 0 0
0 -1 1 0 0 0 1 -1 0 4 0 0 2 4 2 0 0 2
0 -1 1 0 0 1 1 -1 0 -1 0 0 -1 0 0 0 0 0
-1 -1 1 0 0 1 1 -1 0 0 0 0 0 1 0 0 0 0
0 0 1 0 0 -1 1 -1 0 2 2 0 -1 5 0 0 0 2
1 0 1 0 0 -1 1 -1 0 0 0 0 0 -1 0 0 0 -1
0 0 1 -1 1 0 0 -1 1 -2 0 0 0 0 -1 1 0 0
0 0 1 -1 1 0 -1 -1 1 0 -1 0 0 0 0 0 0 0
0 1 1 -1 1 0 -1 -1 1 1 0 0 0 0 0 0 0 0
0 -1 1 -1 1 0 0 0 0 2 0 0 0 0 0 2 2 3
-1 -1 1 -1 1 1 0 0 0 0 0 0 0 0 0 1 -1 0
1 -1 1 0 0 0 1 -1 0 0 0 0 -3 0 0 0 0 -1
1 -1 1 -1 0 0 1 -1 0 0 0 0 0 1 1 0 0 1
1 -1 1 -1 0 0 1 -1 1 0 0 0 0 0 -1 0 0 0
1 -1 1 -1 0 -1 1 -1 1 0 0 0 0 1 0 0 0 0
0 -1 1 0 0 1 1 -1 -1 -1 0 0 0 1 0 0 0 0
1 -1 1 -1 1 0 0 -1 0 0 0 0 0 0 0 1 0 0
-1 0 1 -1 1 0 0 -1 1 0 0 0 0 0 1 1 0 0
0 -1 1 -1 1 0 0 1 0 0 0 0 0 0 0 -1 0 -1
0 -1 1 -1 1 0 0 1 -1 1 0 0 0 0 0 0 0 0
1 -1 1 -1 1 0 0 1 -1 0 0 0 0 0 -1 0 0 0
1 -1 1 -1 1 -1 0 1 -1 0 0 0 0 0 0 1 0 0
0 -1 1 -1 1 0 0 0 1 0 0 0 0 0 -2 0 -1 0
0 -1 1 -1 1 0 0 -1 1 1 0 0 0 0 0 0 0 0
0 0 1 -1 1 -1 0 -1 1 0 1 0 0 0 0 0 0 0
0 1 1 -1 1 -1 0 -1 1 0 0 0 0 0 0 -1 0 0
0 1 1 -1 1 -1 -1 -1 1 1 0 0 0 0 0 0 0 0
1 0 1 -1 1 0 0 -1 -1 0 0 0 0 0 0 1 0 0
0 1 1 0 0 -1 1 -1 0 0 0 0 0 -1 0 0 0 -1
0 1 1 0 -1 -1 1 -1 0 1 0 0 0 0 0 0 0 0
0 -1 1 1 0 0 1 -1 0 -1 0 0 0 0 -1 0 0 0
-1 -1 1 1 0 0 1 -1 0 0 0 0 0 0 1 0 0 0
-1 -1 1 1 0 1 1 -1 0 0 0 0 0 0 0 0 0 -1
-1 -1 1 1 0 1 1 -1 -1 0 0 0 0 3 0 0 0 0
-1 1 1 -1 1 0 0 0 0 0 0 0 0 0 0 1 -1 0
-1 1 1 -1 1 0 0 -1 0 0 0 0 0 0 0 2 0 -1
-1 0 1 -1 1 1 0 -1 0 0 -2 0 0 0 0 4 0 1
-1 0 1 1 0 0 1 -1 0 0 0 0 0 1 -1 0 0 -1
0 1 1 -1 1 0 0 -1 0 0 0 0 0 0 -2 0 0 -1
0 1 1 -1 1 -1 0 -1 0 2 0 0 0 0 0 0 0 0
0 0 1 0 -1 1 1 -1 -1 0 0 0 -1 0 0 0 0 0
0 0 1 1 -1 1 1 -1 -1 0 1 0 0 0 0 0 0 0
-1 1 1 -1 1 1 0 -1 0 0 0 0 0 0 0 2 0 0
0 -1 1 -1 1 -1 0 0 1 1 0 0 0 0 0 1 0 0
-1 0 1 1 0 0 1 -1 -1 0 0 0 0 0 1 0 0 0
-1 0 1 1 0 1 1 -1 -1 0 -2 0 0 0 0 0 0 0
-1 0 1 0 0 1 1 -1 0 0 0 0 0 0 0 0 0 -2
-1 0 1 0 0 1 1 -1 -1 0 0 0 1 1 0 0 0 0
-1 -1 1 0 0 0 1 -1 1 0 0 0 0 1 1 0 0 0
0 1 1 0 -1 0 1 -1 0 1 0 0 1 0 0 0 0 0
-1 1 1 1 -1 0 1 -1 0 0 0 0 0 0 0 0 0 2
1 -1 1 -1 0 1 1 -1 0 0 0 0 0 0 0 0 0 -2
1 -1 1 -1 0 1 1 -1 -1 0 0 0 0 2 0 0 0 0
-1 0 1 -1 1 -1 0 0 1 0 1 0 0 0 0 0 0 0
-1 1 1 -1 1 -1 0 0 1 0 0 0 0 0 0 0 -1 0
-1 1 1 -1 1 -1 0 -1 1 0 0 0 0 0 0 1 0 0
0 -1 1 0 0 0 1 -1 1 -1 0 0 0 0 -1 0 0 0
0 1 1 -1 -1 0 1 -1 0 0 0 0 0 0 0 0 0 -1
0 1 1 -1 -1 0 1 -1 1 0 0 0 0 0 1 0 0 0
1 0 1 -1 -1 0 1 -1 0 0 1 0 0 0 0 0 0 -1
-1 -1 1 -1 1 0 0 0 1 0 0 0 0 0 1 0 -1 0
-1 -1 1 -1 1 0 0 1 1 0 0 0 0 0 -1 1 0 0
0 0 1 0 0 -1 1 -1 1 0 -1 0 -1 0 0 0 0 0
0 0 1 -1 0 -1 1 -1 1 0 1 0 0 0 0 0 0 0
0 1 1 -1 0 -1 1 -1 1 -1 0 0 0 0 0 0 0 0
-1 1 1 -1 0 -1 1 -1 1 0 0 0 0 2 0 0 0 0
0 0 1 1 -1 -1 1 -1 0 0 0 0 0 0 0 0 0 -1
0 0 1 1 -1 -1 1 -1 1 0 1 0 0 0 0 0 0 0
-1 1 1 -1 1 0 0 -1 1 0 0 0 0 0 0 1 0 0
0 1 1 0 0 -1 1 -1 -1 0 0 0 0 1 0 0 0 0
1 -1 1 0 0 0 1 -1 -1 0 0 0 0 1 0 0 0 0
-1 0 1 -1 0 0 1 -1 1 0 1 0 0 0 0 0 0 0
-1 1 1 -1 0 0 1 -1 1 0 0 0 0 0 -1 0 0 0
-1 0 1 -1 1 0 0 1 0 0 -1 0 0 0 0 0 0 -2
-1 -1 1 -1 1 0 0 1 0 0 0 0 0 0 0 0 0 1
-1 -1 1 -1 1 -1 0 1 1 0 0 0 0 0 0 1 0 0
0 -1 1 -1 0 1 1 -1 0 1 0 0 0 0 0 0 0 0
-1 0 1 -1 1 0 0 1 -1 0 1 0 0 0 1 0 0 0
-1 0 1 -1 1 1 0 1 -1 0 -1 0 0 0 0 0 0 0
-1 0 1 1 -1 0 1 -1 0 0 -1 0 0 0 0 0 0 0
1 -1 1 -1 1 -1 0 0 0 0 0 0 0 0 0 0 1 0
1 -1 1 -1 1 -1 0 1 0 0 0 0 0 0 0 -1 0 0
1 -1 1 -1 1 -1 -1 1 0 0 0 0 0 0 0 0 0 1
1 0 1 -1 -1 0 1 -1 1 0 0 0 0 0 1 0 0 0
0 -1 1 -1 1 0 -1 1 0 0 0 0 0 0 0 0 0 1
0 -1 1 -1 1 0 -1 1 1 0 0 0 0 0 -1 0 0 0
0 -1 1 -1 1 -1 -1 1 1 1 0 0 0 0 0 0 0 0
-1 -1 1 -1 1 1 0 1 0 0 0 0 0 0 0 1 0 0
0 0 1 1 -1 0 1 -1 -1 0 -1 0 0 0 0 0 0 0
0 1 1 1 -1 0 1 -1 -1 1 0 0 0 0 0 0 0 0
0 -1 1 1 0 -1 1 -1 0 1 0 0 0 0 0 0 0 0
1 -1 1 0 0 1 1 -1 -1 0 0 0 0 1 0 0 0 0
0 -1 1 -1 1 1 0 -1 0 1 0 0 0 0 0 0 0 1
1 -1 1 -1 1 1 0 -1 0 0 0 0 0 0 0 -1 0 0
1 -1 1 -1 1 1 -1 -1 0 0 0 0 0 0 0 0 0 1
0 1 1 -1 1 0 0 -1 -1 1 0 0 0 0 0 0 0 0
1 0 0 0 1 0 0 0 -1 0 0 -2 0 0 0 -2 0 0
1 0 -1 0 1 0 0 0 -1 0 0 0 0 0 2 0 0 0
1 0 -1 0 1 1 0 0 -1 0 0 0 -2 0 0 0 0 0
1 0 -1 -1 1 1 0 0 -1 0 2 0 0 0 0 0 0 0
1 1 -1 -1 1 1 0 0 -1 0 0 0 0 0 0 -2 0 0
1 1 -1 -1 1 1 -1 0 -1 0 0 0 0 0 0 0 2 0
1 0 1 -1 1 0 0 0 -1 0 -1 0 0 0 0 -1 0 0
0 0 0 0 1 0 1 -1 0 0 0 -2 0 0 0 0 0 0
0 0 -1 0 1 0 1 -1 0 1 0 0 1 0 0 0 0 0
1 0 -1 0 1 0 1 -1 0 0 0 0 -1 0 0 0 0 0
-1 0 1 1 1 0 -1 1 -1 0 0 0 0 0 -1 0 0 0
-1 0 1 1 1 -1 -1 1 -1 0 1 0 0 0 0 0 0 0
-1 1 -1 0 0 0 -1 1 1 0 0 0 -1 0 0 0 0 0
-1 1 -1 1 0 0 -1 1 1 0 0 0 0 1 0 0 0 0
0 0 1 0 0 0 -1 0 1 0 0 0 0 0 -1 0 0 0
0 0 1 0 0 -1 -1 0 1 1 0 0 0 0 0 0 0 0
1 0 1 0 0 -1 -1 0 1 0 0 0 0 -1 0 0 0 0
-1 0 0 1 0 0 -1 0 1 0 0 0 0 0 1 0 0 0
-1 0 0 1 0 1 -1 0 1 0 0 0 0 -1 0 0 0 0
-1 0 0 1 -1 1 -1 0 1 0 0 1 0 0 0 0 0 0
1 1 -1 0 1 0 0 -1 0 0 0 0 0 0 0 0 0 1
1 1 -1 0 1 0 0 -1 -1 0 0 0 0 0 -1 0 0 0
1 1 -1 0 1 1 0 -1 -1 0 0 0 0 0 0 1 0 0
0 0 0 1 -1 0 0 0 0 0 0 1 0 0 0 0 0 2
0 0 0 1 0 0 1 -1 0 0 0 0 0 0 0 0 0 0
-1 0 0 1 0 0 1 -1 0 0 0 0 0 1 -1 0 0 0
-1 0 0 1 1 0 1 -1 0 0 0 -1 0 0 0 0 0 0
-1 0 -1 1 1 0 1 -1 0 0 0 0 0 0 1 0 0 0
0 0 1 -1 1 1 -1 -1 0 0 0 0 0 0 0 0 0 1
-1 1 0 1 1 -1 0 0 -1 0 0 1 0 0 0 0 1 0
1 0 0 0 0 0 -1 1 0 0 0 -1 0 0 0 0 0 0
1 0 -1 0 0 0 -1 1 0 0 0 0 0 1 0 0 0 0
1 0 -1 0 1 0 -1 1 0 0 0 0 0 0 0 0 0 -1
1 0 -1 0 1 0 -1 1 -1 0 0 0 0 0 1 0 0 0
1 0 -1 0 0 0 0 1 -1 0 0 0 0 0 1 0 0 0
1 0 -1 -1 1 1 -1 1 -1 0 2 0 0 0 0 0 0 0
0 0 0 1 -1 0 0 -1 1 0 1 0 0 0 0 0 0 0
0 1 0 1 -1 0 0 -1 1 0 0 0 0 0 -1 0 0 0
0 1 0 1 -1 -1 0 -1 1 1 0 0 0 0 0 0 0 0
1 1 0 1 -1 -1 0 -1 1 0 0 0 0 0 0 -1 0 0
1 1 0 1 -1 -1 -1 -1 1 0 0 1 0 0 0 0 0 0
-1 1 1 1 1 -1 0 0 -1 0 0 0 0 0 0 -1 0 0
0 0 0 0 -1 1 0 1 0 -1 0 0 0 0 0 0 0 0
-1 0 0 0 -1 1 0 1 0 0 0 0 0 0 0 0 0 1
-1 0 0 0 -1 1 0 1 1 0 0 0 0 0 0 -1 0 0
-1 0 0 0 -1 1 -1 1 1 0 0 1 0 0 0 0 0 0
0 0 -1 -1 1 1 -1 0 1 1 0 0 0 0 0 0 0 0
1 1 -1 0 1 1 -1 0 -1 0 0 0 0 0 0 0 1 0
0 1 -1 0 0 1 -1 -1 1 0 0 0 0 1 0 0 0 0
-1 1 -1 0 1 1 -1 -1 1 0 0 0 1 0 0 0 0 0
1 -1 1 0 0 -1 0 0 1 0 0 0 0 1 0 0 0 0
0 -1 0 0 0 0 -1 1 1 0 0 0 0 -1 1 0 0 0
1 -1 1 -1 0 0 -1 1 0 0 0 0 0 0 0 0 0 1
1 -1 1 -1 0 0 -1 1 1 0 0 0 0 -1 0 0 0 0
1 -1 1 -1 -1 0 -1 1 1 0 0 0 0 0 42 0 0 0
1 -1 0 1 1 0 -1 0 0 0 0 0 0 0 -1 0 0 0
0 0 -1 1 1 0 1 -1 0 0 0 0 0 0 -1 0 0 0
0 0 -1 1 1 -1 1 -1 0 1 0 0 0 0 0 0 0 0
-1 0 0 0 1 -1 0 1 1 0 -1 0 0 0 0 0 0 0
-1 -1 0 0 1 -1 0 1 1 0 0 0 0 0 0 1 0 0
0 0 1 0 -1 -1 0 1 0 0 0 0 1 0 0 0 0 0
0 0 1 1 -1 -1 0 1 0 0 0 0 0 0 0 0 0 -1
0 0 1 1 -1 -1 0 1 -1 1 0 0 0 0 0 0 0 0
-1 0 0 1 0 1 1 -1 0 0 0 0 0 1 0 0 0 0
-1 0 0 1 -1 1 1 -1 0 0 0 0 0 0 0 0 0 -1
-1 0 0 1 -1 1 1 -1 1 0 1 0 0 0 0 0 0 0
0 0 0 1 -1 0 0 1 0 0 0 -1 0 0 0 0 0 0
0 0 -1 1 -1 0 0 1 0 0 0 0 0 0 0 1 0 0
0 0 -1 1 -1 0 1 1 0 0 0 0 0 0 0 0 0 -1
0 0 -1 1 -1 0 1 1 -1 1 0 0 0 0 0 0 0 0
-1 1 -1 1 -1 1 0 0 1 0 0 0 0 0 0 2 0 0
0 -1 0 0 0 1 -1 1 1 0 0 -1 0 0 0 0 0 0
0 -1 -1 0 0 1 -1 1 1 0 0 0 0 1 0 0 0 0
0 -1 -1 0 1 1 -1 1 1 0 0 0 -1 0 0 0 0 0
0 -1 -1 -1 1 1 -1 1 1 1 0 0 0 0 0 0 0 0
1 0 1 -1 1 0 -1 0 -1 0 1 0 0 0 0 0 0 0
0 0 1 1 0 -1 0 -1 1 0 -1 0 0 0 0 0 0 0
0 -1 0 1 1 -1 1 0 0 0 0 -1 0 0 0 0 0 0
0 -1 -1 1 1 -1 1 0 0 1 0 0 0 0 0 0 0 0
0 0 -1 1 0 0 1 0 0 5 0 0 0 0 0 0 0 0
-1 0 -1 1 0 0 1 0 0 0 -5 0 0 0 0 0 0 0
-1 1 -1 1 0 0 1 0 0 0 0 0 0 0 0 0 0 5
-1 1 -1 1 0 0 1 0 -1 0 0 0 0 -1 -4 0 0 0
-1 1 -1 1 0 1 1 0 -1 0 0 0 0 4 0 0 0 0
1 1 -1 1 0 0 -1 -1 1 0 0 0 0 1 0 0 0 0
0 0 0 -1 0 1 1 0 0 0 0 0 0 -1 0 0 0 0
0 0 0 -1 -1 1 1 -1 1 0 0 1 0 0 0 0 0 0
-1 0 0 0 0 1 1 0 -1 0 0 0 0 1 0 0 0 0
-1 0 0 0 1 1 1 0 -1 0 0 0 -1 0 0 0 0 0
-1 0 0 -1 1 1 1 0 -1 0 0 1 0 0 0 0 0 0
0 0 -1 1 0 1 0 -1 1 0 0 0 0 1 0 0 0 0
0 0 -1 1 -1 1 0 -1 1 0 0 0 0 0 0 -1 0 0
0 0 -1 1 -1 1 1 -1 1 0 1 0 0 0 0 0 0 0
0 0 -1 1 1 -1 -1 1 0 0 1 0 0 0 0 0 0 0
0 1 1 0 0 0 0 0 -1 -1 0 0 0 0 0 0 0 0
-1 1 1 0 0 0 0 0 -1 0 0 0 0 1 0 0 0 0
-1 1 1 0 1 0 0 0 -1 0 0 0 0 0 0 -1 0 0
-1 1 1 0 1 0 -1 0 -1 0 0 0 0 0 0 0 1 0
0 1 0 0 0 -1 0 0 0 1 0 0 0 1 0 0 0 1
1 1 0 0 0 -1 0 0 0 0 0 0 0 0 0 0 0 -1
1 1 0 0 0 -1 0 0 -1 0 0 1 0 0 0 0 0 0
1 1 -1 0 0 1 0 -1 0 0 0 0 -1 0 0 0 0 0
1 1 -1 -1 0 1 0 -1 0 0 0 0 0 0 0 0 0 1
1 1 -1 -1 0 1 0 -1 1 0 0 0 0 0 0 -1 0 0
1 1 -1 -1 0 1 -1 -1 1 0 0 0 0 1 0 0 0 0
1 0 -1 0 -1 1 1 0 -1 0 0 0 1 0 0 0 0 0
-1 0 0 0 0 0 0 1 0 0 0 0 0 2 0 3 0 0
-1 0 0 0 0 -1 1 1 0 0 0 0 0 0 0 0 0 1
0 0 0 0 1 -1 0 1 0 0 0 -1 0 0 0 -1 0 0
0 1 0 0 0 0 0 0 -1 1 0 0 0 0 2 1 0 0
0 1 0 0 0 0 1 0 -1 -1 0 0 0 0 0 0 0 0
-1 1 0 0 1 -1 1 0 -1 0 0 0 0 0 0 0 1 0
0 0 0 0 1 -1 1 -1 0 0 0 1 0 0 0 0 0 0
-1 0 0 0 0 1 0 0 0 0 1 1 0 0 0 0 0 -1
0 0 0 0 0 1 -1 0 0 2 0 0 -1 0 0 0 1 0
1 0 0 0 0 1 -1 0 0 0 0 0 0 0 0 0 -1 -1
1 0 0 0 0 1 -1 0 -1 0 0 0 0 0 0 0 1 0
1 0 0 0 0 1 -1 1 -1 0 0 -1 0 0 0 0 0 0
0 0 0 0 0 -1 0 1 0 0 0 1 0 0 0 1 0 1
0 0 0 -1 0 -1 0 1 1 0 0 0 0 1 0 0 0 0
0 0 0 -1 1 -1 0 1 1 0 0 -1 0 0 0 0 0 0
0 0 -1 -1 1 -1 0 1 1 0 0 0 0 0 0 1 0 0
1 0 0 0 0 -1 1 -1 0 0 0 0 1 0 0 0 0 0
-1 0 0 0 1 -1 1 0 0 0 0 1 0 0 0 0 0 0
-1 1 1 0 -1 0 0 0 1 0 0 0 -1 0 0 0 0 0
-1 1 1 -1 -1 0 0 0 1 0 0 0 0 0 1 0 0 0
0 -1 0 0 0 1 0 0 0 0 0 0 0 2 0 0 0 0
0 -1 0 0 1 1 0 0 -1 0 0 0 1 0 0 0 0 0
1 0 0 -1 0 0 0 0 1 0 -1 -1 0 -1 0 0 0 0
1 -1 0 -1 0 0 0 0 1 0 0 0 0 1 0 0 0 0
0 0 -1 0 -1 0 1 0 1 0 0 0 0 0 0 0 1 0
-1 1 0 0 1 -1 0 0 0 0 0 0 0 0 0 0 3 0
1 0 0 -1 -1 0 0 0 1 0 0 0 0 0 1 0 0 0
1 0 0 -1 -1 1 0 0 1 0 -1 0 0 0 0 0 0 0
1 -1 0 -1 -1 1 0 0 1 0 0 0 0 0 0 0 1 0
1 -1 0 -1 -1 1 -1 1 1 0 0 1 0 0 0 0 0 0
0 0 0 1 0 0 0 -1 0 0 0 0 0 1 2 0 0 0
0 0 0 1 0 1 0 -1 0 0 0 0 0 0 0 -2 0 0
0 0 0 1 0 1 -1 -1 0 0 0 0 0 2 0 0 0 0
0 0 1 1 -1 0 0 -1 0 0 1 0 0 0 0 0 0 0
0 1 1 1 -1 0 0 -1 0 0 0 0 0 0 0 0 0 -1
0 1 1 1 -1 0 0 -1 -1 1 0 0 0 0 0 0 0 0
0 0 0 -1 1 -1 0 0 1 2 0 0 0 0 0 0 0 0
1 0 -1 0 0 0 1 -1 0 0 0 0 3 0 0 0 0 0
0 0 0 -1 1 -1 1 0 1 -1 0 0 0 0 0 0 0 0
-1 0 0 -1 1 -1 1 0 1 0 0 0 0 0 0 0 1 0
0 1 0 -1 1 -1 0 0 0 0 0 0 0 0 0 0 1 0
0 -1 0 0 1 1 -1 0 0 0 0 0 1 0 0 0 0 0
0 0 1 0 0 -1 0 1 0 -1 0 0 0 0 0 0 0 0
-1 0 1 0 0 -1 0 1 0 0 1 0 0 0 0 0 0 0
-1 1 1 0 0 -1 0 1 0 0 0 0 -1 0 0 0 0 0
-1 1 1 -1 0 -1 0 1 0 0 0 0 0 1 0 0 0 0
0 0 0 1 0 0 0 0 -1 0 0 0 0 2 -1 0 0 0
0 0 -1 1 1 0 0 0 -1 0 0 0 0 0 2 0 0 0
0 0 0 -1 0 0 0 1 1 -1 -1 0 0 0 0 0 0 0
-1 0 0 -1 0 0 0 1 1 0 0 0 0 0 0 1 0 0
0 0 0 -1 0 0 0 1 0 0 1 0 0 0 1 1 0 0
0 0 0 -1 0 1 0 1 0 -1 0 0 0 0 0 0 0 0
-1 0 0 -1 0 1 0 1 0 0 0 0 0 0 0 1 0 0
-1 0 0 -1 0 1 1 1 0 0 0 -1 0 0 0 0 0 0
-1 0 -1 -1 0 1 1 1 0 0 1 0 0 0 0 0 0 0
-1 1 -1 -1 0 1 1 1 0 0 0 0 0 0 0 0 0 -1
0 0 0 1 1 0 0 -1 0 0 0 0 0 0 0 -1 0 0
0 0 0 1 1 0 -1 -1 0 0 0 0 0 0 1 0 0 0
-1 0 0 -1 0 0 1 1 0 0 0 0 0 0 0 0 0 1
1 1 0 0 0 0 0 0 -1 0 0 0 0 0 0 0 -1 0
1 1 0 0 0 0 0 -1 -1 0 0 1 0 0 0 0 0 0
0 1 0 -1 0 0 0 1 0 0 0 -1 0 0 0 0 0 0
0 1 -1 -1 0 0 0 1 0 0 0 0 0 1 0 0 0 0
0 0 0 0 0 -1 1 1 0 0 0 -1 0 0 0 0 0 0
0 0 -1 0 0 -1 1 1 0 0 0 0 0 0 0 0 0 1
1 -1 0 0 1 0 0 -1 0 0 0 0 0 0 0 0 0 2
0 -1 0 -1 1 0 0 0 1 2 0 0 0 0 0 0 0 0
1 -1 -1 0 0 0 1 0 0 0 0 0 1 0 0 0 0 0
0 0 0 -1 -1 0 1 0 1 0 0 0 0 0 1 0 0 0
-1 0 0 -1 -1 1 1 0 1 0 0 0 0 0 0 0 1 0
1 0 0 0 1 -1 0 0 0 0 -1 0 0 0 0 -1 0 0
0 1 0 -1 0 0 0 0 0 1 0 0 0 1 0 0 0 0
0 1 0 -1 1 0 0 0 0 0 0 0 0 0 0 0 -1 0
0 1 0 -1 1 0 0 -1 0 0 0 1 0 0 0 0 0 0
0 -1 0 0 1 -1 0 0 1 2 0 0 0 0 0 0 0 0
1 -1 -1 0 0 1 1 0 -1 0 0 0 1 0 0 0 0 0
0 1 0 0 0 1 0 0 -1 -1 0 0 0 0 0 0 -1 0
0 1 0 0 0 1 0 -1 -1 0 0 0 0 0 0 1 0 0
0 1 0 0 0 1 1 -1 -1 0 0 0 -1 0 0 0 0 0
0 1 0 -1 0 1 1 -1 -1 0 0 1 0 0 0 0 0 0
0 1 1 -1 0 1 1 -1 -1 -1 0 0 0 0 0 0 0 0
-1 1 1 -1 0 1 1 -1 -1 0 0 0 0 1 0 0 0 0
1 1 0 -1 0 0 0 0 0 0 0 0 0 -1 0 0 0 0
1 0 0 0 0 1 -1 -1 0 0 0 0 0 0 0 0 0 1
1 0 0 0 0 1 -1 -1 1 0 0 0 -1 0 0 0 0 0
1 0 0 -1 0 1 -1 -1 1 0 0 0 0 1 0 0 0 0
0 -1 -1 0 0 0 1 0 1 1 0 0 0 0 0 0 0 0
1 -1 -1 0 0 0 1 0 1 0 0 0 0 -1 0 0 0 0
1 -1 -1 0 -1 0 1 0 1 0 0 0 0 0 0 0 1 0
0 0 -1 0 0 0 0 1 0 0 0 0 0 0 0 -1 0 1
0 0 -1 0 -1 0 0 1 1 0 0 0 0 0 0 1 0 0
0 0 0 0 0 1 -1 1 0 0 0 0 -1 0 0 0 0 0
0 0 0 -1 0 1 -1 1 0 1 0 0 0 0 0 0 0 0
1 0 0 -1 0 1 -1 1 0 0 0 0 0 -1 0 0 0 0
-1 0 0 -1 0 0 1 0 1 0 0 0 0 0 0 0 1 0
1 0 1 0 -1 0 0 1 -1 0 0 0 0 0 0 -1 0 0
1 0 1 0 -1 0 -1 1 -1 0 1 0 0 0 0 0 0 0
0 1 0 0 0 0 -1 0 0 0 0 0 0 1 0 0 -1 0
-1 1 0 0 0 1 0 0 0 0 0 -1 0 0 0 0 0 0
-1 1 -1 0 0 1 0 0 0 0 0 0 0 1 0 0 0 0
-1 1 -1 0 1 1 0 -1 0 0 0 0 1 0 0 0 0 0
0 -1 0 1 0 0 0 0 0 0 0 0 0 0 0 1 0 0
0 -1 0 1 0 0 1 0 0 0 0 -1 0 0 0 0 0 0
0 -1 -1 1 0 0 1 0 0 1 0 0 0 0 0 0 0 0
-1 0 0 -1 0 1 0 0 1 0 0 0 0 0 0 1 0 0
-1 0 0 -1 0 1 1 0 1 0 -1 0 0 0 0 0 0 0
-1 -1 0 -1 0 1 1 0 1 0 0 1 0 0 0 0 0 0
-1 1 0 0 0 1 0 0 -1 0 0 0 0 1 0 0 0 0
-1 1 0 0 1 1 0 0 -1 0 0 0 -1 0 0 0 0 0
-1 1 0 -1 1 1 0 0 -1 0 0 0 0 0 0 1 0 0
-1 1 0 -1 1 1 1 0 -1 0 0 0 0 0 0 0 -1 0
-1 0 -1 0 0 0 1 1 0 0 1 0 0 0 0 0 0 0
-1 1 -1 0 0 -1 1 1 0 0 0 0 0 1 0 0 0 0
1 0 0 -1 0 0 0 -1 1 0 0 0 0 1 0 0 0 0
0 -1 0 -1 0 1 0 0 1 0 0 1 0 0 0 0 0 0
1 -1 0 0 1 -1 0 0 0 0 0 0 0 0 0 0 0 1
0 0 -1 1 0 0 0 0 0 1 0 0 0 0 0 0 0 0
0 1 0 0 0 -1 0 0 1 0 0 -1 0 0 0 0 0 0
0 1 -1 0 0 -1 0 0 1 1 0 0 0 0 0 0 0 0
1 1 -1 0 0 -1 0 0 1 0 0 0 -1 0 0 0 0 0
1 1 -1 -1 0 -1 0 0 1 0 0 0 0 1 0 0 0 0
1 -1 1 0 -1 0 0 1 -1 0 0 0 0 0 0 1 0 0
1 -1 1 0 -1 0 1 1 -1 0 0 0 0 0 -1 0 0 0
1 -1 1 0 -1 -1 1 1 -1 0 0 0 1 0 0 0 0 0
0 0 0 -1 0 -1 1 1 0 0 0 0 0 0 0 0 0 1
0 0 0 -1 1 -1 1 0 0 0 0 1 0 0 0 0 0 0
0 0 0 -1 0 1 -1 0 1 0 0 1 0 0 0 0 0 0
-1 0 -1 0 1 0 0 1 0 0 1 0 0 0 0 0 0 0
0 0 -1 0 1 -1 0 1 0 0 1 0 0 0 0 0 0 0
1 -1 1 0 -1 0 -1 1 0 0 0 0 0 0 0 0 0 41
1 -1 1 0 -1 0 -1 1 1 0 0 0 -41 0 0 0 0 0
0 0 1 0 1 0 -1 0 0 0 0 0 0 0 0 0 -2 0
0 -1 1 0 1 0 -1 -1 1 0 0 0 0 0 2 0 0 0
1 0 0 0 1 0 -1 0 -1 0 0 0 0 0 0 0 2 0
1 0 0 0 1 0 -1 1 -1 0 -2 0 0 0 0 0 0 0
1 -1 0 0 1 0 -1 1 -1 0 0 0 0 0 2 0 0 0
1 -1 0 0 1 1 -1 1 -1 0 0 -2 0 0 0 0 0 0
